9997
9996
9992
9989
9987
9982
9979
9979
9978
9977
9976
9975
9975
9975
9974
9973
9972
9970
9968
9966
9964
9963
9962
9961
9956
9956
9955
9954
9953
9948
9947
9946
9946
9941
9940
9938
9936
9927
9925
9924
9918
9918
9917
9917
9916
9915
9914
9913
9913
9911
9910
9910
9909
9909
9907
9906
9903
9903
9902
9900
9900
9898
9893
9891
9889
9889
9889
9886
9885
9880
9876
9875
9873
9870
9870
9863
9862
9860
9859
9856
9856
9854
9853
9852
9851
9848
9845
9844
9844
9842
9842
9841
9841
9839
9837
9837
9837
9837
9836
9835
9834
9833
9831
9830
9830
9829
9829
9822
9821
9821
9817
9812
9812
9808
9807
9804
9799
9799
9796
9796
9796
9793
9791
9791
9788
9784
9783
9780
9779
9772
9770
9768
9767
9763
9763
9763
9762
9761
9761
9760
9754
9750
9749
9747
9747
9743
9738
9738
9737
9735
9734
9733
9730
9728
9728
9724
9724
9722
9721
9720
9718
9717
9716
9716
9716
9715
9707
9707
9702
9700
9699
9698
9693
9692
9692
9687
9686
9680
9680
9678
9677
9675
9672
9672
9669
9669
9668
9664
9662
9662
9658
9657
9652
9651
9648
9647
9643
9632
9631
9629
9627
9626
9626
9622
9617
9616
9613
9612
9610
9606
9604
9602
9601
9595
9590
9587
9587
9586
9583
9579
9577
9576
9575
9572
9571
9568
9563
9562
9556
9556
9555
9553
9553
9553
9552
9551
9551
9549
9547
9546
9543
9542
9540
9540
9538
9536
9532
9530
9526
9526
9522
9519
9513
9513
9513
9510
9506
9505
9505
9503
9501
9499
9498
9497
9491
9491
9487
9487
9483
9480
9478
9472
9467
9465
9465
9463
9462
9461
9460
9460
9458
9456
9456
9453
9451
9450
9449
9446
9446
9444
9443
9439
9438
9438
9436
9428
9428
9426
9426
9425
9422
9418
9418
9416
9413
9409
9405
9404
9403
9400
9399
9398
9397
9395
9394
9393
9391
9388
9386
9384
9376
9375
9374
9372
9371
9371
9368
9367
9366
9365
9364
9363
9362
9356
9352
9350
9347
9344
9342
9341
9338
9332
9329
9328
9327
9326
9324
9322
9321
9320
9320
9320
9318
9315
9311
9311
9310
9309
9308
9307
9305
9303
9302
9297
9296
9294
9293
9293
9292
9289
9288
9287
9281
9281
9281
9280
9278
9277
9276
9276
9275
9275
9272
9272
9268
9267
9266
9265
9265
9259
9258
9256
9254
9252
9250
9249
9247
9247
9246
9245
9244
9242
9236
9236
9236
9235
9234
9231
9230
9229
9228
9227
9227
9225
9220
9220
9216
9214
9212
9212
9209
9206
9206
9205
9202
9200
9193
9193
9190
9189
9183
9183
9182
9181
9179
9179
9175
9174
9172
9172
9168
9167
9165
9164
9163
9161
9157
9157
9157
9156
9155
9152
9151
9147
9146
9145
9142
9141
9141
9140
9135
9135
9135
9133
9131
9130
9130
9130
9129
9126
9126
9125
9122
9121
9119
9119
9117
9115
9115
9115
9114
9114
9111
9110
9110
9110
9109
9107
9106
9101
9100
9100
9096
9093
9092
9091
9090
9088
9087
9086
9086
9084
9084
9081
9079
9075
9073
9073
9070
9066
9065
9064
9059
9058
9058
9055
9055
9050
9049
9045
9043
9043
9041
9041
9040
9040
9037
9036
9032
9029
9028
9023
9023
9016
9016
9014
9013
9012
9012
9010
9006
9005
8997
8996
8995
8991
8985
8984
8982
8981
8975
8974
8972
8972
8966
8964
8963
8962
8959
8958
8957
8954
8952
8951
8949
8943
8943
8943
8936
8935
8923
8922
8918
8918
8918
8917
8916
8912
8911
8911
8909
8907
8906
8906
8906
8904
8903
8902
8900
8898
8897
8893
8891
8890
8889
8888
8888
8885
8884
8882
8878
8877
8876
8875
8874
8872
8870
8868
8862
8859
8858
8857
8856
8855
8855
8853
8852
8852
8851
8850
8850
8848
8847
8844
8841
8838
8838
8835
8833
8831
8829
8826
8826
8822
8819
8819
8817
8815
8814
8812
8811
8810
8810
8809
8806
8805
8803
8802
8801
8799
8798
8796
8796
8795
8795
8794
8792
8792
8790
8786
8786
8786
8774
8772
8772
8769
8767
8764
8763
8762
8761
8759
8756
8755
8755
8755
8752
8751
8750
8749
8743
8743
8737
8737
8736
8736
8736
8731
8731
8724
8718
8718
8717
8716
8714
8712
8712
8708
8707
8707
8704
8703
8699
8699
8698
8697
8696
8696
8693
8691
8685
8684
8683
8682
8679
8679
8675
8674
8672
8672
8671
8668
8668
8667
8666
8664
8664
8664
8661
8660
8650
8649
8647
8646
8646
8642
8640
8640
8639
8636
8634
8632
8630
8630
8627
8625
8625
8625
8624
8623
8621
8619
8618
8616
8613
8605
8601
8601
8596
8593
8592
8590
8590
8587
8587
8586
8584
8584
8581
8580
8579
8576
8573
8571
8570
8569
8567
8564
8557
8556
8556
8555
8552
8547
8546
8538
8536
8534
8534
8534
8533
8531
8529
8528
8525
8524
8517
8517
8517
8512
8504
8504
8502
8501
8498
8498
8498
8498
8491
8489
8489
8485
8480
8479
8476
8476
8475
8473
8472
8471
8469
8466
8465
8464
8459
8451
8445
8442
8442
8440
8439
8439
8439
8434
8432
8428
8427
8422
8421
8420
8420
8418
8418
8409
8406
8402
8399
8397
8396
8391
8389
8388
8388
8384
8384
8382
8376
8372
8371
8370
8369
8368
8368
8367
8356
8354
8354
8354
8352
8352
8350
8346
8343
8341
8336
8336
8334
8334
8329
8324
8322
8322
8321
8320
8319
8315
8314
8313
8312
8311
8311
8310
8307
8306
8306
8306
8305
8302
8301
8301
8300
8299
8298
8294
8292
8292
8291
8288
8288
8286
8285
8277
8275
8275
8274
8274
8272
8271
8271
8271
8268
8267
8266
8265
8263
8263
8262
8259
8259
8254
8252
8252
8250
8250
8249
8247
8247
8242
8242
8236
8232
8230
8225
8224
8224
8216
8209
8208
8207
8206
8205
8202
8199
8199
8198
8197
8195
8190
8188
8187
8187
8186
8185
8180
8177
8176
8175
8175
8174
8168
8168
8167
8166
8164
8163
8163
8162
8162
8162
8161
8154
8152
8151
8149
8146
8146
8146
8144
8144
8143
8143
8143
8141
8135
8133
8133
8133
8131
8123
8121
8119
8117
8115
8115
8112
8109
8106
8106
8105
8100
8098
8098
8097
8095
8094
8094
8092
8092
8082
8081
8081
8078
8074
8072
8071
8070
8065
8063
8062
8056
8056
8055
8054
8053
8053
8053
8053
8052
8052
8049
8045
8042
8036
8035
8029
8028
8028
8028
8025
8023
8023
8021
8018
8018
8017
8016
8015
8013
8013
8012
8009
8004
7999
7994
7994
7991
7988
7987
7986
7981
7978
7978
7976
7975
7974
7974
7972
7970
7970
7970
7967
7967
7963
7962
7960
7960
7958
7957
7944
7943
7943
7942
7942
7941
7940
7939
7939
7939
7931
7929
7929
7927
7926
7926
7925
7917
7916
7915
7912
7910
7910
7908
7901
7897
7896
7894
7894
7893
7893
7891
7889
7885
7883
7880
7878
7876
7876
7875
7875
7869
7865
7865
7864
7864
7862
7861
7860
7857
7855
7854
7851
7850
7849
7847
7847
7847
7847
7846
7840
7832
7828
7827
7825
7823
7821
7820
7819
7818
7816
7815
7813
7813
7813
7811
7809
7805
7801
7800
7798
7798
7797
7791
7788
7785
7785
7778
7778
7777
7776
7775
7772
7771
7770
7768
7762
7762
7761
7758
7757
7755
7753
7752
7751
7749
7749
7748
7744
7741
7738
7736
7735
7731
7730
7728
7727
7726
7725
7723
7718
7716
7713
7712
7712
7711
7711
7708
7706
7706
7706
7702
7702
7702
7701
7699
7698
7695
7694
7690
7690
7688
7688
7687
7685
7685
7684
7679
7678
7678
7674
7674
7666
7662
7662
7660
7659
7657
7650
7650
7643
7640
7637
7635
7634
7632
7632
7631
7631
7626
7626
7625
7625
7623
7623
7622
7620
7619
7619
7618
7616
7610
7610
7610
7606
7600
7599
7598
7598
7596
7594
7594
7590
7573
7572
7566
7564
7563
7563
7562
7561
7558
7558
7557
7551
7550
7549
7545
7544
7543
7539
7537
7537
7535
7530
7529
7528
7520
7519
7516
7516
7515
7510
7509
7508
7507
7506
7501
7497
7496
7494
7494
7492
7492
7487
7481
7481
7481
7480
7480
7479
7479
7475
7474
7471
7469
7469
7469
7463
7462
7456
7455
7454
7450
7450
7449
7447
7447
7445
7444
7444
7443
7442
7441
7439
7435
7430
7428
7424
7423
7421
7420
7419
7418
7417
7417
7416
7415
7415
7414
7414
7413
7411
7410
7409
7409
7409
7408
7408
7405
7405
7402
7399
7396
7394
7390
7387
7387
7386
7384
7379
7378
7373
7371
7371
7368
7364
7359
7359
7355
7355
7353
7348
7348
7347
7344
7344
7343
7342
7342
7342
7339
7337
7337
7329
7329
7326
7325
7319
7319
7315
7314
7309
7307
7307
7304
7300
7299
7297
7296
7296
7295
7290
7284
7282
7282
7274
7272
7271
7271
7270
7269
7269
7269
7269
7266
7266
7264
7262
7261
7259
7257
7255
7255
7253
7251
7248
7248
7244
7243
7242
7242
7242
7241
7238
7237
7236
7236
7234
7234
7231
7230
7225
7225
7221
7219
7217
7214
7213
7210
7210
7202
7201
7201
7201
7199
7196
7193
7192
7188
7187
7185
7184
7181
7181
7180
7179
7178
7171
7170
7170
7170
7169
7167
7164
7163
7163
7161
7160
7159
7157
7152
7151
7144
7144
7142
7141
7140
7140
7132
7130
7127
7125
7125
7119
7119
7119
7117
7116
7116
7115
7114
7111
7109
7107
7104
7102
7100
7100
7099
7098
7097
7093
7092
7091
7089
7088
7088
7084
7080
7079
7076
7076
7074
7072
7072
7065
7063
7062
7062
7060
7059
7059
7047
7044
7036
7035
7034
7033
7031
7028
7024
7022
7021
7020
7019
7019
7017
7017
7015
7014
7010
7008
7007
7001
7001
6997
6997
6990
6989
6988
6984
6984
6984
6981
6975
6973
6971
6970
6970
6969
6967
6960
6957
6954
6951
6950
6946
6946
6944
6943
6938
6938
6933
6933
6931
6925
6924
6923
6920
6920
6917
6914
6911
6909
6908
6897
6893
6891
6891
6891
6890
6888
6888
6886
6885
6884
6882
6882
6881
6878
6877
6877
6876
6874
6873
6872
6869
6867
6866
6865
6865
6864
6864
6863
6860
6860
6860
6856
6854
6852
6849
6846
6846
6846
6841
6841
6841
6839
6838
6836
6835
6833
6832
6828
6827
6825
6822
6819
6815
6814
6809
6808
6806
6806
6804
6801
6800
6800
6797
6796
6792
6780
6778
6775
6773
6768
6768
6761
6759
6751
6751
6750
6749
6745
6745
6738
6733
6730
6729
6729
6727
6727
6727
6724
6724
6723
6722
6722
6720
6719
6717
6712
6706
6701
6700
6698
6693
6691
6691
6687
6687
6687
6686
6685
6684
6683
6680
6678
6678
6675
6675
6671
6664
6660
6655
6655
6654
6652
6648
6647
6646
6642
6640
6639
6629
6627
6625
6623
6622
6622
6621
6619
6616
6616
6608
6606
6599
6593
6591
6589
6584
6581
6579
6579
6578
6577
6575
6573
6569
6565
6563
6560
6557
6555
6553
6552
6549
6537
6533
6532
6530
6528
6526
6526
6525
6523
6522
6515
6513
6509
6509
6495
6493
6493
6492
6490
6488
6487
6486
6483
6481
6480
6479
6473
6467
6466
6466
6465
6459
6457
6447
6444
6443
6439
6438
6436
6431
6428
6422
6419
6416
6414
6412
6410
6408
6406
6406
6405
6404
6402
6397
6396
6395
6393
6392
6386
6385
6381
6381
6378
6375
6369
6366
6364
6362
6359
6358
6355
6354
6352
6349
6348
6346
6343
6342
6341
6341
6340
6339
6336
6336
6328
6328
6326
6323
6320
6319
6318
6315
6314
6313
6311
6309
6306
6305
6304
6303
6302
6300
6299
6299
6296
6293
6289
6288
6280
6267
6266
6262
6260
6252
6251
6251
6247
6247
6245
6235
6234
6233
6232
6231
6229
6228
6227
6227
6221
6220
6217
6216
6212
6211
6209
6209
6208
6203
6202
6201
6195
6194
6194
6191
6188
6180
6179
6175
6170
6169
6166
6163
6161
6155
6153
6148
6146
6145
6144
6144
6143
6142
6142
6141
6140
6138
6137
6137
6133
6131
6131
6129
6127
6125
6123
6121
6120
6120
6119
6119
6112
6110
6107
6105
6104
6100
6098
6094
6093
6084
6084
6083
6081
6077
6074
6073
6073
6070
6068
6067
6064
6060
6059
6059
6058
6058
6056
6053
6050
6050
6047
6043
6041
6041
6040
6035
6033
6029
6027
6026
6024
6023
6017
6016
6014
6012
6008
6007
6002
6001
5999
5997
5991
5985
5985
5974
5968
5961
5960
5959
5951
5950
5945
5942
5942
5939
5938
5930
5924
5913
5913
5912
5912
5910
5910
5908
5908
5908
5906
5904
5902
5900
5898
5895
5894
5893
5892
5889
5888
5883
5881
5880
5872
5870
5864
5863
5862
5861
5861
5858
5858
5855
5855
5849
5847
5846
5845
5843
5840
5838
5836
5828
5824
5823
5822
5816
5811
5810
5809
5806
5805
5803
5802
5801
5801
5800
5798
5798
5797
5797
5793
5791
5776
5775
5775
5774
5770
5770
5766
5760
5757
5756
5755
5750
5749
5741
5741
5740
5737
5737
5736
5735
5732
5728
5727
5723
5718
5716
5714
5714
5711
5711
5710
5705
5701
5699
5698
5694
5690
5688
5684
5681
5675
5669
5663
5661
5659
5656
5655
5653
5650
5647
5646
5646
5643
5643
5639
5638
5636
5632
5631
5630
5630
5623
5621
5619
5617
5616
5614
5613
5609
5607
5604
5604
5600
5600
5596
5593
5592
5590
5582
5580
5579
5576
5575
5572
5570
5570
5569
5569
5565
5564
5563
5561
5557
5553
5549
5546
5545
5545
5545
5545
5544
5544
5543
5541
5540
5538
5534
5533
5533
5532
5532
5530
5528
5522
5521
5521
5520
5517
5514
5513
5512
5508
5507
5506
5506
5501
5498
5494
5494
5492
5492
5490
5489
5488
5486
5483
5482
5481
5476
5476
5474
5473
5467
5466
5463
5462
5462
5461
5459
5457
5457
5454
5451
5451
5449
5447
5445
5445
5445
5443
5443
5441
5441
5436
5434
5434
5434
5430
5427
5426
5422
5421
5418
5416
5414
5414
5412
5409
5409
5408
5402
5401
5400
5400
5399
5397
5394
5393
5393
5389
5389
5389
5388
5383
5380
5376
5375
5372
5369
5368
5368
5368
5367
5363
5360
5357
5356
5356
5348
5347
5345
5345
5344
5343
5342
5339
5339
5334
5332
5332
5331
5331
5330
5329
5328
5324
5323
5320
5320
5317
5316
5315
5314
5313
5312
5312
5310
5310
5306
5305
5305
5303
5301
5300
5290
5290
5290
5286
5286
5285
5285
5284
5282
5281
5281
5279
5278
5273
5272
5269
5268
5266
5264
5263
5262
5256
5256
5255
5254
5254
5249
5248
5245
5241
5239
5239
5235
5230
5230
5229
5224
5222
5219
5219
5219
5217
5216
5216
5209
5204
5198
5198
5197
5195
5184
5183
5183
5179
5178
5178
5176
5174
5173
5169
5167
5166
5165
5159
5158
5149
5146
5144
5144
5143
5139
5138
5135
5129
5125
5124
5116
5115
5111
5106
5105
5103
5101
5098
5097
5097
5096
5094
5093
5091
5090
5084
5079
5075
5075
5074
5074
5071
5067
5061
5060
5053
5050
5046
5046
5046
5045
5042
5039
5033
5033
5031
5029
5028
5026
5024
5017
5013
5013
5005
5002
5002
5001
5000
4996
4994
4993
4988
4983
4978
4970
4964
4963
4959
4955
4953
4952
4952
4950
4949
4943
4943
4941
4940
4938
4938
4937
4935
4931
4927
4927
4926
4923
4921
4920
4919
4913
4913
4912
4912
4906
4905
4905
4902
4902
4901
4901
4901
4898
4895
4893
4892
4892
4892
4890
4889
4884
4882
4880
4880
4880
4878
4877
4873
4873
4871
4869
4863
4859
4859
4854
4853
4851
4846
4843
4842
4840
4840
4838
4838
4834
4833
4831
4830
4827
4823
4821
4817
4817
4815
4815
4811
4808
4807
4806
4803
4801
4796
4793
4793
4791
4789
4781
4781
4780
4778
4778
4776
4772
4770
4757
4755
4755
4754
4752
4751
4749
4747
4745
4744
4740
4740
4738
4734
4734
4734
4733
4733
4732
4730
4729
4728
4726
4725
4723
4721
4719
4718
4713
4712
4710
4710
4707
4706
4705
4705
4703
4700
4698
4698
4696
4696
4696
4694
4694
4694
4689
4686
4686
4684
4682
4681
4679
4676
4676
4670
4669
4668
4665
4664
4664
4663
4663
4662
4662
4662
4655
4653
4653
4651
4651
4648
4648
4645
4641
4637
4637
4634
4634
4634
4631
4628
4624
4623
4622
4621
4621
4617
4614
4609
4608
4607
4604
4601
4600
4600
4597
4596
4596
4591
4591
4586
4586
4586
4585
4584
4584
4580
4579
4579
4576
4574
4569
4569
4568
4566
4563
4560
4556
4555
4555
4553
4553
4552
4551
4548
4547
4547
4542
4541
4539
4538
4538
4534
4533
4531
4531
4527
4526
4524
4523
4518
4516
4516
4515
4510
4509
4507
4506
4505
4504
4503
4503
4502
4501
4500
4497
4496
4495
4494
4491
4489
4481
4481
4479
4478
4475
4475
4474
4471
4469
4469
4469
4469
4465
4461
4458
4458
4456
4453
4452
4452
4449
4449
4448
4447
4445
4444
4444
4443
4442
4439
4438
4436
4434
4432
4431
4431
4429
4428
4427
4426
4425
4425
4420
4417
4417
4410
4408
4407
4407
4406
4405
4405
4402
4393
4392
4392
4392
4392
4390
4389
4388
4385
4381
4381
4381
4380
4378
4377
4377
4376
4374
4372
4368
4366
4366
4362
4361
4359
4359
4354
4352
4350
4348
4344
4343
4343
4338
4336
4334
4332
4330
4329
4328
4327
4322
4322
4315
4309
4306
4305
4299
4298
4294
4290
4290
4290
4286
4284
4281
4281
4280
4280
4279
4275
4274
4273
4272
4272
4272
4269
4266
4260
4258
4257
4254
4249
4248
4246
4246
4241
4240
4239
4236
4235
4235
4234
4233
4232
4230
4230
4227
4226
4226
4225
4225
4224
4224
4223
4222
4218
4217
4215
4214
4212
4210
4207
4205
4205
4202
4200
4198
4198
4197
4195
4192
4192
4192
4191
4191
4187
4185
4183
4181
4180
4180
4180
4178
4176
4176
4170
4168
4168
4165
4163
4162
4160
4158
4158
4154
4151
4151
4146
4141
4141
4138
4138
4137
4135
4134
4133
4132
4131
4131
4126
4124
4123
4122
4122
4122
4120
4116
4115
4114
4111
4111
4108
4107
4099
4097
4087
4087
4087
4084
4077
4076
4075
4075
4074
4072
4072
4068
4066
4065
4065
4062
4060
4059
4055
4055
4053
4051
4049
4049
4047
4045
4042
4042
4041
4039
4039
4038
4037
4035
4035
4028
4027
4027
4023
4020
4020
4019
4013
4012
4012
4011
4010
4010
4008
4003
4003
3996
3995
3994
3991
3990
3989
3980
3977
3976
3973
3972
3970
3965
3965
3963
3963
3960
3960
3956
3955
3951
3949
3947
3943
3939
3939
3939
3937
3934
3933
3932
3931
3925
3921
3920
3918
3916
3913
3907
3906
3905
3901
3898
3897
3893
3889
3886
3881
3880
3880
3877
3875
3875
3874
3868
3867
3866
3865
3864
3863
3863
3860
3858
3855
3854
3853
3851
3849
3846
3842
3841
3840
3839
3838
3836
3833
3829
3828
3827
3826
3821
3821
3818
3817
3815
3815
3806
3805
3805
3802
3802
3794
3792
3788
3786
3778
3777
3777
3776
3775
3771
3764
3763
3760
3757
3755
3747
3747
3744
3743
3742
3741
3740
3737
3735
3732
3730
3727
3725
3725
3723
3721
3721
3713
3709
3708
3706
3706
3706
3706
3703
3701
3700
3696
3694
3689
3688
3687
3686
3686
3682
3680
3669
3666
3664
3664
3660
3659
3656
3655
3652
3650
3646
3644
3643
3640
3639
3639
3637
3633
3629
3629
3622
3616
3614
3613
3613
3613
3611
3608
3608
3607
3606
3605
3605
3604
3603
3595
3593
3592
3591
3582
3580
3580
3576
3574
3574
3573
3571
3570
3566
3564
3563
3560
3559
3557
3557
3556
3555
3551
3549
3545
3543
3543
3542
3540
3540
3538
3529
3528
3527
3521
3520
3519
3518
3516
3516
3516
3515
3514
3511
3509
3509
3509
3508
3508
3505
3504
3502
3501
3499
3497
3495
3493
3493
3493
3493
3486
3481
3480
3476
3476
3476
3472
3470
3470
3469
3469
3467
3463
3463
3461
3457
3454
3447
3445
3444
3441
3441
3437
3435
3435
3433
3433
3432
3432
3424
3423
3423
3422
3422
3421
3411
3410
3404
3403
3402
3401
3398
3397
3396
3394
3394
3394
3388
3385
3378
3377
3377
3374
3373
3371
3370
3368
3364
3363
3359
3354
3352
3351
3349
3341
3339
3337
3335
3334
3334
3333
3333
3329
3328
3328
3327
3326
3325
3324
3317
3313
3312
3304
3304
3301
3298
3296
3296
3295
3295
3294
3292
3291
3290
3288
3285
3283
3283
3282
3282
3275
3273
3271
3271
3271
3269
3268
3267
3267
3266
3265
3258
3256
3256
3250
3247
3246
3246
3238
3237
3234
3233
3232
3230
3227
3227
3227
3222
3213
3212
3212
3206
3206
3205
3204
3202
3196
3196
3193
3187
3186
3182
3180
3179
3179
3177
3172
3168
3168
3167
3163
3160
3160
3159
3158
3157
3157
3155
3153
3153
3148
3147
3144
3142
3138
3135
3134
3133
3133
3133
3132
3130
3128
3122
3120
3117
3117
3103
3102
3096
3094
3093
3093
3089
3088
3086
3084
3082
3080
3079
3077
3077
3076
3074
3073
3066
3064
3063
3059
3058
3057
3056
3053
3050
3047
3044
3043
3041
3040
3039
3038
3036
3035
3029
3029
3027
3026
3023
3022
3022
3016
3016
3013
3013
3008
3007
3007
3006
3004
3003
3001
2997
2992
2983
2982
2982
2980
2978
2976
2976
2975
2974
2974
2973
2972
2969
2966
2963
2958
2953
2950
2950
2943
2942
2942
2938
2938
2936
2933
2931
2927
2925
2924
2920
2914
2913
2905
2905
2904
2904
2901
2900
2896
2896
2895
2892
2891
2891
2888
2886
2884
2884
2880
2879
2876
2876
2873
2871
2870
2869
2867
2867
2861
2859
2853
2851
2849
2849
2848
2846
2844
2841
2837
2832
2831
2830
2829
2828
2828
2819
2810
2807
2805
2802
2797
2796
2796
2792
2786
2786
2784
2784
2781
2780
2777
2775
2775
2773
2772
2772
2771
2758
2757
2756
2756
2755
2751
2748
2748
2745
2743
2742
2741
2738
2737
2737
2736
2735
2733
2731
2729
2724
2723
2722
2721
2721
2720
2715
2715
2715
2713
2707
2706
2703
2703
2699
2698
2697
2693
2688
2687
2686
2683
2682
2681
2681
2681
2681
2681
2677
2672
2671
2670
2664
2662
2660
2658
2657
2656
2654
2653
2653
2652
2651
2649
2648
2648
2647
2644
2643
2643
2641
2640
2639
2638
2634
2632
2632
2631
2630
2629
2623
2618
2616
2612
2612
2609
2607
2606
2603
2599
2597
2596
2593
2588
2588
2587
2587
2586
2583
2582
2582
2581
2579
2577
2572
2571
2569
2565
2561
2561
2559
2548
2547
2547
2546
2542
2541
2536
2532
2531
2531
2530
2529
2525
2524
2523
2523
2523
2522
2522
2522
2518
2517
2516
2511
2510
2508
2502
2502
2501
2497
2496
2496
2491
2491
2490
2488
2487
2484
2482
2481
2481
2477
2477
2476
2475
2473
2471
2469
2468
2466
2460
2458
2456
2452
2452
2451
2450
2450
2449
2448
2447
2447
2446
2445
2443
2443
2441
2440
2440
2438
2431
2429
2425
2420
2416
2415
2415
2413
2413
2412
2412
2411
2410
2409
2409
2405
2403
2402
2399
2399
2397
2396
2394
2394
2390
2388
2385
2384
2383
2382
2376
2376
2376
2371
2371
2368
2366
2364
2363
2363
2361
2361
2360
2360
2358
2356
2355
2355
2350
2349
2345
2342
2341
2341
2338
2336
2336
2336
2334
2333
2332
2330
2326
2324
2321
2317
2315
2311
2311
2308
2307
2306
2306
2305
2304
2298
2294
2294
2290
2289
2287
2285
2284
2282
2280
2278
2277
2274
2272
2268
2267
2267
2264
2260
2257
2256
2255
2255
2254
2246
2246
2244
2243
2242
2241
2238
2232
2231
2229
2229
2227
2226
2224
2224
2223
2222
2221
2221
2218
2211
2208
2208
2206
2205
2202
2199
2198
2197
2196
2187
2184
2180
2178
2178
2171
2166
2164
2163
2160
2155
2155
2149
2147
2140
2139
2137
2137
2135
2132
2132
2130
2128
2128
2127
2124
2124
2123
2123
2119
2116
2116
2112
2111
2109
2108
2108
2107
2107
2105
2102
2102
2101
2096
2094
2094
2088
2082
2077
2074
2072
2068
2067
2065
2063
2062
2060
2057
2056
2054
2053
2053
2051
2041
2040
2039
2038
2038
2035
2034
2032
2032
2030
2027
2026
2025
2020
2018
2017
2013
2011
2011
2010
2008
2006
2005
2005
2003
2001
2000
1997
1997
1996
1995
1993
1988
1988
1987
1986
1984
1984
1984
1984
1981
1980
1979
1978
1978
1977
1975
1973
1972
1972
1970
1967
1962
1961
1961
1956
1956
1953
1952
1950
1940
1939
1936
1933
1928
1927
1926
1926
1926
1922
1922
1920
1919
1918
1917
1915
1911
1909
1909
1908
1907
1903
1903
1902
1902
1899
1899
1898
1898
1894
1885
1885
1885
1884
1883
1878
1876
1876
1869
1867
1865
1863
1861
1858
1858
1854
1853
1852
1846
1844
1841
1839
1837
1835
1828
1824
1823
1818
1814
1814
1812
1810
1807
1807
1807
1805
1802
1801
1795
1792
1790
1788
1787
1785
1782
1780
1779
1776
1773
1773
1771
1771
1766
1763
1763
1760
1760
1759
1755
1749
1749
1748
1746
1743
1741
1740
1740
1739
1738
1737
1736
1728
1725
1725
1720
1717
1714
1713
1708
1705
1704
1704
1703
1701
1700
1698
1694
1694
1692
1691
1691
1688
1686
1685
1684
1683
1681
1678
1676
1674
1671
1670
1668
1666
1661
1660
1657
1651
1650
1649
1648
1648
1646
1644
1641
1640
1640
1639
1635
1633
1633
1627
1627
1627
1623
1623
1621
1618
1617
1615
1615
1614
1612
1611
1611
1610
1610
1610
1606
1605
1602
1602
1602
1598
1593
1593
1589
1583
1582
1580
1580
1579
1578
1578
1577
1577
1576
1575
1574
1574
1572
1569
1569
1567
1561
1561
1558
1556
1552
1551
1551
1550
1548
1542
1540
1536
1534
1534
1534
1534
1533
1533
1532
1532
1529
1527
1527
1526
1525
1524
1519
1519
1517
1516
1514
1514
1514
1511
1510
1508
1508
1504
1504
1499
1499
1498
1496
1494
1493
1492
1491
1484
1482
1482
1482
1479
1478
1475
1474
1473
1471
1470
1468
1464
1464
1463
1462
1462
1456
1449
1449
1448
1445
1445
1444
1443
1440
1433
1432
1430
1428
1428
1427
1426
1424
1423
1422
1422
1422
1417
1417
1411
1409
1403
1402
1398
1395
1395
1388
1387
1385
1384
1382
1381
1379
1375
1373
1373
1371
1369
1369
1367
1366
1366
1364
1363
1363
1361
1360
1357
1356
1356
1355
1348
1343
1343
1337
1335
1335
1335
1330
1329
1328
1327
1327
1322
1320
1319
1314
1314
1312
1311
1311
1309
1308
1306
1299
1299
1299
1297
1297
1295
1295
1294
1293
1291
1286
1286
1284
1282
1282
1281
1277
1276
1273
1269
1268
1265
1264
1263
1263
1262
1262
1261
1261
1260
1259
1259
1258
1258
1257
1256
1253
1253
1252
1246
1246
1245
1243
1243
1242
1240
1239
1231
1230
1225
1223
1219
1218
1212
1205
1203
1201
1198
1197
1196
1196
1191
1189
1187
1182
1181
1180
1176
1175
1175
1174
1174
1170
1169
1168
1168
1168
1167
1167
1165
1165
1165
1164
1155
1151
1150
1148
1145
1144
1141
1138
1137
1137
1135
1134
1131
1130
1126
1124
1122
1120
1109
1109
1109
1106
1105
1105
1103
1096
1094
1093
1090
1086
1085
1083
1083
1082
1081
1081
1074
1073
1072
1067
1067
1065
1063
1063
1063
1062
1060
1059
1059
1058
1058
1057
1056
1056
1049
1046
1046
1045
1042
1039
1038
1037
1035
1029
1029
1027
1024
1024
1024
1016
1016
1014
1013
1011
1009
1008
1005
1004
1003
1001
1000
999
998
998
996
996
996
995
991
986
985
985
982
981
979
979
974
973
972
969
969
966
964
962
962
961
960
959
954
953
952
948
946
946
946
946
946
946
941
939
938
938
931
931
928
927
925
922
920
919
918
917
917
916
912
908
906
905
904
904
899
897
896
893
892
890
889
888
887
887
886
884
884
883
879
878
875
873
873
872
872
872
871
862
860
860
860
848
847
845
845
843
842
837
833
832
832
830
829
828
828
827
826
822
818
818
816
813
800
799
796
793
792
790
788
788
786
782
777
776
775
775
774
774
772
771
770
770
770
769
767
766
765
765
759
759
757
756
755
754
752
751
751
751
749
748
745
738
733
732
732
731
729
729
727
725
724
722
720
716
715
715
702
701
701
699
695
695
694
692
690
689
687
687
685
682
680
678
677
676
676
675
675
674
674
672
672
666
666
663
662
661
661
657
651
649
649
646
643
640
634
632
631
630
629
628
628
627
626
626
625
620
620
613
612
604
604
602
598
597
594
586
584
577
573
572
567
566
566
564
562
562
562
560
559
557
551
550
549
546
544
543
541
541
538
535
533
531
528
528
527
524
522
521
516
512
512
511
510
508
499
498
497
497
495
491
479
478
477
475
474
472
471
469
465
463
459
456
451
449
448
448
446
446
445
439
438
437
436
434
429
428
426
426
426
424
421
420
418
418
417
416
416
415
414
413
412
409
409
409
409
409
405
401
398
394
394
391
390
387
380
380
372
372
370
368
366
365
361
360
357
355
354
354
353
352
347
343
342
340
338
336
333
333
329
326
324
319
319
319
318
317
317
316
315
311
308
307
307
305
303
300
299
299
297
293
293
292
291
286
286
279
275
274
273
266
262
260
254
254
251
249
248
247
246
246
244
244
240
236
228
228
213
212
212
210
208
206
206
204
204
203
202
199
197
196
195
195
193
193
182
177
174
167
166
164
162
161
160
156
156
155
147
147
145
143
139
136
135
134
129
128
123
123
122
120
119
119
118
117
117
117
115
115
114
114
113
112
110
109
107
104
98
97
96
96
95
93
92
91
89
85
84
81
81
81
80
76
71
68
63
61
61
60
60
55
55
54
52
49
48
43
42
34
34
33
29
28
26
21
17
16
12
12
11
3
