5462
5580
6526
7497
497
6352
4500
4772
7059
3294
9135
1382
9583
5473
2358
4978
203
4539
2942
9553
9903
9114
828
7849
2531
8018
5031
2632
6084
8904
5441
1844
2639
8311
7537
6073
9247
7869
9946
2155
5266
3706
3096
9147
8755
6035
2522
3815
2003
9716
2469
7296
7561
5600
3237
8017
1988
8036
2867
6891
2108
8874
8907
7632
1962
4439
5483
2334
2399
7492
246
5463
7594
5569
8646
4461
9388
5732
972
4436
5447
4892
2056
2884
7271
5268
9835
7685
307
3556
9627
9546
9090
1258
2805
6606
8772
3740
5418
3931
2496
8897
8696
682
5538
6392
3821
2958
3516
9247
9917
6053
4141
1639
9043
7785
5443
3680
1197
161
8300
273
9491
5514
4694
2038
6914
2721
938
4873
7860
7248
9456
1852
890
2452
7257
4239
228
1533
6386
210
2745
5991
8593
4631
8564
4776
4815
7409
5249
1940
3080
1514
5694
9900
4122
7163
3951
7650
2088
8053
1674
7405
6180
5684
567
1926
4028
6416
355
4410
28
5239
8146
9212
6873
2888
446
6369
1475
3639
8704
1037
4584
4390
115
4898
1567
7282
123
1379
6797
657
3688
4919
7378
5281
8835
1692
2008
960
2797
9091
1899
5997
2612
8847
8590
7444
1218
2870
7557
7619
8671
2738
7916
5230
3504
4755
2741
9236
3088
8334
4892
1198
3817
9275
6393
1363
2224
8812
6488
2841
7481
7474
5314
7479
2447
8743
6247
2757
7337
3757
8252
7373
6819
1907
6447
8100
9616
7698
6717
9728
1801
7596
308
9119
8935
9626
2547
4700
7319
1621
3613
4374
9834
8368
9900
3077
7387
7847
9617
9987
733
6863
3256
6886
4444
7960
7231
6081
8552
3327
4877
3760
1175
8163
4754
7414
8755
4869
4381
9400
6622
8092
3333
9822
1065
9425
8119
1191
3182
3029
7125
2005
9341
822
4842
5167
4122
3275
3157
7417
6040
6960
800
8161
9538
2786
4039
4246
5046
4526
7386
3079
5561
2018
3937
9141
1499
4234
299
6024
5067
8307
5272
4608
4943
71
6671
7847
8162
3273
6252
4158
4344
2223
5380
8917
1046
6646
1865
9446
7442
5389
109
6208
4051
767
9129
9449
497
8306
3528
7487
2722
3604
1536
3747
3821
4696
9289
195
5332
3709
8621
8105
8580
4151
7255
8272
3502
2687
5368
7414
5760
2643
96
6084
9956
2603
2294
409
3580
5138
9975
8294
1205
8314
1168
5924
5090
695
8590
2698
5467
8439
5146
598
4222
324
9979
3643
9735
3639
4941
9409
8299
366
2748
9281
2272
4479
687
5312
8579
162
927
7749
9889
9356
8216
475
9722
5356
9750
2904
7314
6481
8762
5061
4366
8459
2978
5305
1739
424
34
8346
5178
3943
5002
4388
3385
4066
1788
7599
4821
3497
7192
9342
182
8811
5681
8749
495
8175
9267
147
2638
9898
8959
4405
3094
1898
5858
4181
1807
1755
2609
5328
2681
4469
9189
5053
336
7939
7926
415
1430
1470
8045
8759
2068
3655
751
9680
3007
7242
2063
5400
8098
677
9110
3991
8717
3763
1312
8029
3897
1456
8313
3659
5124
7319
6288
4442
1668
1519
4210
2429
4621
8546
9841
7695
9497
2891
128
732
2587
4623
9110
6201
3423
8584
4694
2736
626
5013
6293
9536
7528
5600
6492
3394
1766
9371
7063
7618
409
5930
2473
3246
7402
8972
1103
6981
9227
3920
6509
7876
3447
9109
1057
2218
9212
4542
5737
299
9422
2160
7846
4547
2196
986
832
2139
5775
9837
3128
3076
1708
6029
1510
4429
7785
2731
8315
676
7125
3725
7100
9602
1106
9418
8498
2229
6712
2477
8322
1299
2449
6730
2039
118
1759
8322
9268
4420
6405
5501
1997
8252
7821
5945
7225
8943
3271
9907
4469
6315
7865
7970
9460
9288
2742
26
2756
9821
1576
8810
1168
7234
1482
1311
7062
7809
7818
4752
6751
9070
9687
9698
387
8190
9519
7643
7549
5669
4696
5938
7991
920
2451
1651
2231
8991
1042
6997
9117
4471
9363
5532
6833
6841
6745
6141
3640
8774
4983
1627
5801
352
6007
8650
3298
4884
7480
9992
4509
2038
2011
7855
114
4108
2657
9910
5494
3120
1432
8015
973
4368
4730
7230
6943
9720
357
9568
1253
9841
477
1814
1511
3853
6678
1952
5864
2502
4205
6058
9852
4913
5908
5269
2132
9133
2128
9157
3437
4913
5443
81
5659
7706
4134
917
7813
7864
6984
1878
7975
8324
3805
4275
7196
5094
6733
5219
5427
1869
4533
6406
816
2338
3457
3445
418
317
631
6444
4723
1922
414
1779
6305
4011
5135
9296
8809
5902
1496
6515
5454
9652
9916
1533
9996
9730
3995
2020
9938
319
448
1614
9793
3540
4138
6341
4116
6127
4377
2178
1736
9368
8133
2516
3130
4217
4927
5079
5301
5451
9229
7259
6439
1780
1835
6486
528
5024
9911
8556
3794
1926
76
8259
4591
1356
5017
5412
878
9491
8903
3001
2460
9130
7017
2796
2587
9784
2502
4634
9812
4055
3918
1029
4392
2597
6569
1388
4180
428
9648
1577
4669
6296
4452
4272
2561
1286
8368
7687
2415
6860
4648
7972
9549
5506
533
8174
7994
2781
6012
8838
6877
5797
4745
6112
3741
2431
8275
7411
8819
7180
7408
4694
2775
2208
9327
2681
4425
796
1704
7080
8512
3557
2094
3368
9595
7481
9662
6639
2707
7537
604
6623
1987
279
9953
8056
7943
244
9540
5607
5613
7496
8267
2208
7970
7290
7399
6988
918
2966
5816
9964
9876
7619
9157
2895
5290
699
4959
1135
5466
6893
9842
9643
2116
9749
4377
687
1426
5001
904
7185
884
4707
4548
213
1059
9572
6123
1170
7097
7253
1138
9081
549
7107
661
3084
2488
3980
8664
1593
9738
8851
3
2869
7181
9747
9715
6212
6008
472
4851
4964
6938
4042
3424
3960
9183
6864
3441
8016
1978
7020
9364
9891
5939
4023
5793
7632
3994
7142
1423
3148
3167
828
5409
6027
9179
6129
2844
4780
4248
7827
6616
3603
1666
4049
3138
5176
5091
8166
2938
912
5912
770
3836
3050
7300
7344
9917
6396
9145
2304
1196
5564
143
7659
4882
291
3965
8833
3842
6026
4225
9456
3593
4151
4840
1970
6827
1738
2032
2477
5488
107
7160
8418
9350
793
8242
3875
1504
1561
3571
9779
3013
5198
9540
8964
3694
9028
3516
60
7447
4146
9155
946
1252
7625
3039
3258
2983
3370
1145
572
8247
4180
4065
5775
2829
4955
9626
5741
6419
5646
8354
5540
2876
8286
5849
1478
9293
1858
9472
7550
3117
110
3463
2282
8187
405
7202
6687
892
792
4366
4963
8274
426
9167
1385
5711
292
3818
8406
3053
4596
2416
3788
5159
5575
5310
7744
3296
672
7201
7355
7033
2751
4202
8667
3133
8906
84
4931
7315
632
4503
6194
2107
193
9851
3805
4902
512
8023
9662
6530
8852
8525
459
9948
9577
4670
6194
3179
2616
1551
8893
2242
626
7925
9975
9924
9096
1314
6577
4059
1602
6479
5393
7169
6395
3893
745
478
2523
9146
6652
3469
6885
7832
9707
3354
1749
3573
9506
4434
1482
413
9902
2548
9763
498
2105
9386
2846
2255
6846
4703
5393
8074
1131
1150
4160
361
8176
6759
9426
6402
2205
2396
1124
1841
3016
7931
5331
1311
7501
8402
8646
9375
9966
236
2683
5256
1014
2914
7563
5806
550
8699
1367
4280
5894
3744
8146
4225
3056
120
8018
1823
3555
7144
9347
4478
6358
4518
7939
7309
1903
5033
6648
2630
4793
4781
5512
360
9837
353
7329
8795
4417
8143
7274
7394
2784
6526
5630
9925
6619
1623
7210
2124
370
463
4020
7897
5394
3829
5264
4668
4469
1063
80
9796
3582
434
2559
2383
4012
3939
9940
5399
7076
9088
3849
7713
2517
1049
4407
9324
4124
8343
1997
1988
4586
7178
5705
9853
5239
5376
4663
5219
119
6043
2729
8806
7631
4187
2975
112
8420
9014
8475
6724
8764
368
7768
6422
4878
6077
3696
7678
770
9043
1277
8199
5646
4120
9036
4653
5254
7885
8878
7762
6872
9307
2361
343
7248
2651
974
4600
9371
2274
946
2653
7141
9066
5822
6876
7978
5075
2410
7449
6465
6874
4465
3093
9692
8601
4491
7723
5755
2913
2053
3880
7157
2082
1688
5910
8498
8471
6056
2307
873
562
4132
5740
8882
3613
774
3855
2111
9738
3047
5339
4607
2147
8502
6971
7825
7974
4505
9165
193
4721
5736
4838
8442
2197
2699
4905
2321
8336
3007
6064
1024
2715
4241
4988
6229
9465
5097
6814
8838
6493
751
8822
4676
6260
3232
4402
8922
4541
9728
4087
4863
297
4417
9972
8106
8154
49
4698
1231
8737
8175
8801
2577
6143
9281
1491
8063
9111
4569
9575
790
9657
2976
7516
8888
5828
9037
8250
4107
9672
3501
7236
4921
6341
9880
3040
1462
3153
1395
3574
1164
5248
3394
3441
3527
908
9553
4653
3913
7912
8434
9125
6655
3423
1812
6775
8716
7114
2631
7776
5506
9181
1479
5101
3730
1035
3117
5106
3339
9426
5698
4664
318
1464
9041
9236
4380
437
5461
1773
1854
9367
1953
9404
6701
7424
8141
8504
4952
9049
3520
3159
3519
5776
417
5209
3422
5345
5541
7117
3660
2656
3949
7093
5508
9206
1027
8736
7415
95
7679
1181
873
3629
4560
7915
2670
3247
5426
516
7469
4192
9142
9115
8649
4475
6300
8354
1782
8962
2867
8536
1203
9590
9680
7942
1219
5334
1109
3595
9487
6888
4431
662
9856
6314
8584
8298
8524
5445
3398
2510
2456
8168
6622
448
8736
2647
9837
1122
2662
7024
9668
8384
6233
5286
1648
2571
7626
9859
4010
2363
6997
7181
2786
9734
1583
1440
6166
1883
3044
2034
1262
887
8815
3074
9909
8420
9836
1618
3905
7598
8070
2072
3250
6120
5389
5557
5690
9278
6869
9321
5855
96
6579
9848
6923
8311
1967
5000
1001
5521
676
8352
512
1676
293
1525
1261
5436
4689
3737
8207
333
2784
8109
3826
8985
7640
6041
4284
4624
7132
4912
6865
7891
6557
6773
5486
9513
6532
3134
8586
8936
3349
275
1449
9678
7201
9115
9968
6175
5434
6480
4114
4553
8718
9954
925
5224
4076
1109
7883
8071
380
5968
4634
55
3058
8224
4906
5320
7326
8263
7444
1259
4604
3934
5553
1534
164
1260
9955
8909
4381
3874
5570
7690
2511
1610
1885
8601
3889
7475
6878
9245
7551
9478
2938
3727
3664
9276
9374
7479
2880
5489
6584
7516
5074
1422
6227
9193
7572
9064
2026
4227
3476
9513
2137
3180
1950
3989
1308
2445
4789
8352
2285
2905
307
1165
12
1972
4348
3304
9032
7269
564
6822
5801
6698
4601
9768
9839
4205
884
3333
1908
722
6302
5728
6849
4306
9677
4343
9093
9982
9717
1853
6882
4158
5623
4013
6217
1703
2706
3422
2773
3529
471
2546
7116
837
5197
9700
6397
917
8736
254
938
8786
8567
4020
4495
7255
6153
748
199
2748
7456
2735
416
9272
4269
8679
1574
620
1239
89
9236
1096
7342
1004
2336
4920
7917
6211
7508
5451
9059
5143
7981
759
4075
9910
8668
8504
4949
3990
4807
4035
4494
2974
9041
6627
1977
991
3806
2123
3396
9845
2925
2450
6408
9716
8848
1243
5643
7187
1257
8180
2724
830
1093
8708
8106
8870
5144
2686
9551
8476
8367
860
3444
7210
551
2523
8062
5216
3580
8195
5028
4791
5616
7929
1230
9395
246
4534
5950
2848
1771
4299
765
8370
4937
5476
4496
1067
6354
8684
757
1293
2366
6047
1973
4075
1605
8517
5332
7690
3463
8350
1024
2447
7940
4563
4527
262
4350
1428
3394
212
2771
4135
9632
260
6336
8661
5149
3574
2443
9513
8427
8618
4449
9013
6266
3867
2132
4315
6938
7462
8885
2040
6625
842
9610
6142
3373
7428
2164
7111
4902
3591
9016
544
7001
629
5528
7967
979
2588
4077
3976
3341
1295
6073
5368
6573
3566
788
9989
8814
5647
7823
8372
3142
1445
9344
4556
9747
5075
8996
9292
9552
2992
6068
6664
2524
8624
7171
9055
2733
4507
9303
7036
9100
4747
1011
3542
4133
4840
5317
3656
4834
4538
7828
1902
1981
9058
104
6228
1610
2475
2260
3093
7221
2425
8249
2525
3144
3637
2654
266
3508
9909
6436
7963
8498
1648
8794
1593
716
6107
3288
996
8143
9403
5449
3016
6553
7610
7348
1045
2397
1602
4889
1939
342
9398
9460
8596
6796
7813
5522
6555
4162
2653
4734
7755
8943
9320
4218
9702
446
8640
1471
5912
286
4718
4334
1013
3666
9114
1790
5881
7929
7758
34
1720
4280
5617
8310
3064
9405
4569
1922
6800
3337
6140
3616
2531
5388
7419
701
5414
560
7566
8177
6560
354
6575
1534
1417
8501
7368
4938
5604
3433
4274
9947
4198
5345
372
8056
3669
6686
2496
8489
6522
5369
8531
6209
9724
9555
3435
3283
3267
4126
8288
9055
7076
775
3607
9526
2102
9250
7299
9692
7347
2953
5880
2933
3965
4047
628
3230
9530
2758
2997
5545
3177
6841
2643
2388
6191
4901
4192
1578
8035
3771
3267
715
931
2294
2780
557
620
6323
4901
3560
3777
680
9613
8266
9156
860
4045
8152
8668
3271
6867
2648
8382
6806
5046
9870
510
1242
3776
9522
5643
1072
1356
2255
2412
4065
4215
7019
4740
8802
2606
1514
9320
4523
7140
546
586
4815
4281
7355
8476
8557
8115
3732
4912
8724
5545
3828
5549
4039
6911
2221
7140
1174
6203
1527
3256
3411
7439
5323
8440
1335
3469
9978
7772
3432
5273
4827
1828
9005
4453
6216
5904
139
8974
3160
8982
8480
3629
5653
8712
8872
7359
9428
4294
2536
4392
3295
9976
5474
8767
2664
7028
6846
4596
6852
7371
9743
1297
6328
48
7510
2101
9393
8707
4195
6800
3328
2623
9586
6319
1979
9918
8399
9443
9604
1691
2006
1448
2541
6155
6349
7927
5184
2140
5462
4003
5476
3351
3335
7507
5284
1398
6860
6346
401
4628
1802
3371
8012
6195
3103
9941
7266
1366
3290
6083
7819
2737
2772
7481
5863
562
6700
1589
4880
8384
3947
1175
319
8465
6001
3233
8718
7994
4996
8247
3160
9075
702
6145
3077
7348
8672
9975
4185
4290
7371
6722
2199
8826
6990
1474
7269
7270
1060
6318
4003
6691
8630
2896
9799
1646
7958
3227
2180
9252
7811
1984
4801
7214
6014
4568
85
5619
3158
685
4733
2211
8021
5256
6920
4732
9977
3605
8312
4438
6719
4392
4744
2184
317
5861
6348
2287
1029
333
9092
6832
1366
1062
1569
4385
7242
9397
9040
8004
8094
5300
4226
1422
6060
3996
1936
9772
6706
3476
1295
7405
4224
3686
3880
8271
7610
4042
5593
4713
7711
4923
4710
1327
3461
1322
7880
6280
7329
4705
6487
7152
9234
8625
93
4426
7236
7008
1920
5166
7092
1449
9675
7926
3933
7017
4055
985
117
5855
7119
3476
4336
9280
985
3545
9737
946
1508
6917
5457
9254
8391
2810
8625
1885
1294
6954
9974
244
2831
7847
5445
4880
8009
6119
2051
7295
1225
91
3086
6835
5482
3833
409
4038
7941
9915
4376
2905
4170
2350
7271
776
155
7262
897
1911
2124
6836
4622
4111
6094
5494
6984
2963
3495
7762
8268
2853
2973
4037
2682
5029
2644
1650
2062
4381
8581
3960
9242
2830
4012
1548
1187
8949
4359
1120
9352
6629
5421
8712
8225
1176
8198
6495
2672
5609
1516
98
8432
4447
6675
1090
2792
9416
6882
5173
1056
6343
2649
3027
6320
959
1492
2586
8371
2361
2777
1355
9130
3155
7738
3326
4329
3851
1284
9135
1519
8697
6973
1532
9086
5545
1524
916
3433
5910
4927
6924
4641
8573
7896
1980
4531
9791
8534
11
827
2466
651
8796
8197
5315
4235
1704
1276
254
962
1086
4662
136
2640
1602
6438
715
7778
8798
1540
1615
7731
7688
4938
3041
4682
1422
7015
8291
9126
249
7201
1627
2415
2807
7072
4566
5840
2178
6227
1259
5823
5430
7957
5416
5521
2876
8163
7244
1749
2238
7718
1258
8799
1282
6975
899
5262
4361
8188
3866
9796
5638
9126
5810
6023
6890
1933
3901
6289
2693
4823
3939
6251
2612
1580
6751
602
4817
3608
904
206
2284
1903
2289
119
2828
1558
2859
906
8082
7893
6231
7243
5263
1746
8636
4431
2127
3133
597
946
2412
6616
1741
6340
3721
6412
1083
5533
9214
1740
9860
7164
5363
9817
775
2703
9458
6727
1130
6599
6678
7251
5046
964
8630
8135
311
2542
1635
8752
8098
2982
3613
2102
2198
338
2119
2360
247
3538
43
4621
7144
29
3265
8859
8445
6891
9309
8028
1698
9045
3846
4859
1617
6525
2671
1223
5716
5749
1243
8094
1684
4892
5892
5492
4469
6251
9311
1058
1640
2409
4719
2942
5084
1894
7282
2582
9830
2775
7749
5402
8890
2330
4049
5701
4734
6846
3364
8498
6457
9526
9230
5858
8981
7127
8442
6414
9913
2011
8751
451
1411
6691
1725
9461
7563
8795
8334
8786
1986
2518
7492
9183
6342
6729
5592
7657
630
769
2376
1371
9913
799
8028
2723
9997
3701
8640
6640
5445
1482
5245
6364
6509
4501
4796
4817
135
7702
7170
7104
9480
5797
996
1807
7974
2246
9227
5389
5735
21
3038
3282
1003
5005
1348
8666
8857
3863
594
7325
5870
4427
5344
4637
9444
5883
122
2376
113
928
5847
2980
8224
2849
2226
7445
777
643
9936
4662
7408
7416
9587
9277
9366
678
832
445
4663
1529
3650
2356
3875
5898
1526
3921
4676
818
5906
1409
6309
5278
8320
5306
1915
4580
436
9161
7409
9893
6070
7701
9551
6685
5312
2202
613
5179
7450
9503
8078
9970
9553
2349
8164
3840
2529
7625
8693
5279
1787
1269
2130
9885
8143
3312
9875
896
4662
1094
8131
2581
4115
4154
33
4273
3956
7728
4481
1846
1073
2828
2565
174
4019
1694
5409
9467
1081
1361
1717
4191
4510
1556
640
2634
9543
2879
4551
7545
6683
7857
7598
1263
8898
3022
9328
2057
2892
754
9310
9439
9669
3608
9084
5838
729
1299
9163
3644
5942
7088
729
329
9547
7515
1839
3838
9498
8162
6366
7170
1067
9804
8473
3454
7423
8616
9131
5756
5290
5636
8750
5174
3827
1517
7387
228
3486
628
771
195
5570
1462
372
8792
479
6768
1265
1126
6170
8853
941
7590
612
5843
3102
4393
6059
1264
9963
727
7960
772
2341
9297
7712
9246
1760
1670
6591
3881
8841
2077
1534
9119
3802
6727
6778
6727
3266
8850
8995
786
770
6838
6303
8208
7600
9065
6125
4272
1335
5229
9487
3775
6523
6528
1137
8876
6680
4330
2901
1504
4733
1700
3403
9016
2013
7685
2244
2756
2871
8868
3168
9329
2832
3605
8587
2107
4591
981
4698
4035
738
2000
9760
2873
752
8306
8805
9023
1282
5144
2035
6642
9413
3802
755
2264
5360
4378
5766
9831
3735
524
6311
9763
1168
4696
3008
4497
8206
1612
3036
6865
8117
3516
8786
300
2448
7241
4332
845
1972
1683
1984
7519
8469
5198
7219
8952
7942
1748
9311
4552
4249
3397
999
8115
7443
4298
8092
4266
7130
9418
5604
8810
2481
7059
8144
4778
6909
919
6881
2187
9622
765
391
4027
1898
4232
5222
6808
3725
7261
8902
6144
3549
1884
1016
1343
2155
8826
7384
3706
55
1773
7798
2927
4254
9606
2403
3227
1046
9332
2618
8571
7494
8831
5770
6687
7441
6660
8013
829
319
953
1240
7339
204
9762
6809
527
9179
6841
6328
8202
2041
2583
6565
9686
3972
9962
5313
4755
2491
8755
2599
429
1196
3907
1291
9305
8664
7044
6466
9903
3540
2333
8013
8900
1499
9135
1357
9084
1919
5872
7420
8042
566
5546
8396
7967
4257
8647
8230
9249
1807
5241
5216
1494
5532
9100
4138
2094
9587
9873
998
6897
9438
9121
6110
1580
720
4993
8151
4279
416
675
9707
9886
9140
674
3511
63
240
2342
4354
8369
9110
6856
9106
3614
6581
1059
1395
9767
9770
2382
5383
649
9256
7878
4940
5534
961
7014
9576
7450
9258
3291
6933
7864
2005
4712
4137
5169
365
7509
3006
1623
1527
1256
9889
8144
5824
2308
2290
4574
7359
6675
9664
8185
862
7626
1085
4458
8850
7573
4585
1468
6050
8254
5098
123
690
4327
2974
4207
8707
3328
9829
4224
1038
7726
5097
2582
5655
4235
6144
9012
3022
8691
2443
4131
4290
4474
5530
8319
3563
9854
1212
449
7558
7213
3410
8265
1572
8329
6428
543
7757
60
3377
8761
2886
649
9040
1552
2128
9647
1082
1737
4041
1569
5714
9465
818
860
8301
3325
5798
8389
7529
5545
3186
3324
8095
3606
6687
380
969
2363
3213
3682
5710
5750
7099
5908
2402
6121
9651
8623
8912
8683
7770
6815
9505
8957
6146
3295
1403
2681
9073
6016
251
7161
8918
8703
2345
6723
1024
7631
3212
5303
4099
9209
1701
1493
4010
2950
9115
2969
5614
5039
8569
7650
3509
9716
6493
5582
2341
3206
1574
7543
3057
3764
9391
6804
3664
8772
9200
9562
8856
577
6825
8943
212
8829
92
3135
2280
9754
3147
4060
756
2243
6306
6137
7115
2681
1978
1245
5183
8877
6720
8875
2900
8534
1005
3187
1899
1926
2452
4538
7865
8737
9315
6247
4734
8675
6304
9579
1763
2904
2660
42
6860
4008
1498
2324
2364
922
354
5115
9086
5862
9202
4027
8053
9029
4651
5576
661
566
9281
7798
2743
2450
8634
4710
2849
8028
3551
4428
7159
2326
7699
7894
2311
9193
2360
7079
6467
6232
1961
9152
4443
204
8472
3172
8302
6839
4068
2394
8205
6750
4176
6041
8763
2317
1165
1268
8534
6951
2641
2632
766
604
6359
3467
7711
9172
1273
248
701
3877
6017
4679
1611
9326
6729
7753
4901
7862
4614
3378
7730
8803
8271
6235
4230
4053
8696
4853
1691
9244
7435
1876
1463
3955
6179
9783
8479
3317
4084
4725
9862
6202
9174
2561
4452
1056
7035
9231
4087
7660
7800
751
1579
2371
2819
9446
9672
5757
9338
1858
3480
7910
5699
8682
8743
634
1375
6058
8916
5329
7889
147
7119
8699
1532
7908
8769
7820
4178
9259
1678
5219
5357
7727
8262
7876
3499
1649
9542
3179
1148
2972
3778
4531
528
5125
3518
5372
7775
1705
7010
9050
8285
61
3505
6866
8958
5723
7706
7184
8790
3686
2420
1319
3301
3073
8053
3841
1657
4072
8292
6220
1984
9462
420
5517
4684
7761
7264
666
8274
7520
5459
8517
8889
9956
7188
3858
6381
4458
7342
3963
3013
6854
1058
9821
889
7242
8167
6100
6864
5254
491
5045
1550
3222
2227
4778
8587
1694
7678
2681
16
5356
5492
4309
3283
3193
4935
9761
5165
6093
9107
7266
5656
5096
5569
398
4738
3157
2171
4893
5116
2796
8951
2409
6970
3743
5230
584
9812
6459
7910
8714
8954
4223
1686
2490
3292
5434
6133
6888
871
7748
1165
3196
6608
3633
1363
7307
6989
7777
4515
2720
9182
2001
1714
5913
5802
4586
5809
1369
8963
3886
7623
4555
2522
1444
5026
8168
2755
6098
3509
2137
1151
7623
7454
7741
134
5959
9275
2920
6780
8451
8025
4290
4586
2277
8376
694
1863
4097
6621
8305
2976
3122
732
7976
340
4286
6578
8576
562
4994
1956
2332
7102
8664
1885
7564
1167
3815
9612
3359
9372
9436
2306
9175
8592
9216
2241
6801
7816
7089
5434
5507
1381
2446
4165
627
1824
4236
3472
5013
3868
7987
7875
129
5305
2229
2116
2896
9532
1105
689
8817
7662
9837
5718
3755
8388
1611
3557
9979
9693
5999
1306
4183
4803
7296
7098
3481
5183
4617
2982
7805
872
5895
6552
206
4833
559
2629
8072
3470
1473
2256
1246
326
3269
1141
946
979
4198
905
3570
6245
3493
1542
4087
4168
3470
813
6074
2221
1861
5285
9799
1201
4359
3652
7343
7978
6738
4831
8055
4600
316
7616
7234
8984
7199
1627
5836
7688
7284
6931
7620
1182
872
1776
7344
3282
156
3163
208
6033
2413
7379
8911
4854
774
7735
8858
9058
8186
508
1575
81
5544
7225
4681
3043
1169
7988
6969
1876
426
5178
4970
7694
8819
1074
5908
1081
4871
7797
2458
8053
1424
672
5889
8529
2108
8660
8731
9220
5422
9362
1728
1996
5368
5343
4749
409
5596
5861
9428
2497
5093
9087
7674
4705
4392
8619
4830
9308
7840
6984
2607
418
2476
2523
4122
5290
8639
845
5367
9122
6768
421
6234
7480
8133
6375
5320
5316
6385
4648
5631
3543
97
6563
8162
1740
4475
6067
7854
7151
4664
893
5572
7562
9918
8232
7307
4524
1641
2371
8187
7084
9556
1105
1725
4806
5310
7060
2648
9010
8613
4757
3564
3970
1909
2547
9796
8263
4406
9205
8796
8844
52
2017
7447
7791
4489
5951
7167
2802
4808
3227
2336
3854
2593
1771
1063
998
8418
9073
4686
8275
5798
4504
3792
7506
8306
7702
883
4180
3404
969
2096
2163
8966
6473
9601
7708
9463
499
6722
2508
7894
6209
1640
8236
8528
9438
1867
6105
4584
9168
6925
1433
1685
4352
9206
4168
7637
3973
888
7297
5811
5770
3421
5513
3212
1083
9266
2588
7337
7850
2025
8242
5960
8627
3708
3285
3205
1309
7813
8997
4686
1063
9761
952
7390
3703
6944
1335
9130
5563
3646
2030
3515
6806
4131
2385
6299
5714
7771
8489
7944
4322
3238
7304
8354
8891
8146
6891
4637
8121
731
3168
4516
6148
8555
7861
1428
5347
2413
3864
3363
2032
1364
8674
9791
7047
4062
4343
573
887
2123
1508
9365
1514
3352
4163
1760
9287
5105
7702
2481
9780
3576
1615
315
9505
966
5711
9376
5845
848
1561
7217
663
2491
8209
3963
6589
7410
3153
7364
2053
3026
9276
1644
8271
9023
872
7469
3839
5961
4425
9225
3932
2224
6059
646
5342
8972
4214
9724
521
2067
5408
6119
5414
3377
7463
4645
2715
6884
7179
7065
6267
6828
5441
9571
202
6406
4729
474
8918
948
8292
6381
4665
8336
6655
2135
9151
1320
7019
114
2254
2065
3132
3003
5942
1582
4305
7999
2399
2166
3723
6946
6378
9190
9101
4226
9293
6313
2368
788
6137
8547
5195
8052
4597
4905
7062
6877
8081
5204
8133
8855
5639
4952
6579
8409
8422
5331
3268
996
9322
2861
8923
6362
2054
1917
5846
5661
1785
7163
1713
274
8485
674
4890
6745
177
9384
538
1814
3206
4246
8517
4706
782
2278
4240
4726
54
8428
847
3035
3592
5033
7353
1253
1577
982
2579
1360
4579
8052
3304
1795
4456
1606
4843
1578
3402
1633
725
4192
3521
81
7471
4502
8533
7237
4260
9658
843
6490
2355
7893
2315
167
4740
939
1314
1009
1180
5400
2703
2697
1671
5888
8884
3865
8556
3687
8466
1805
666
160
692
7430
5565
9629
4547
4338
2658
7413
8112
5630
6104
2652
6749
2441
4444
4555
3082
8679
2222
3786
303
9946
531
9499
2268
3898
6336
675
5330
2112
409
9394
8199
3939
2405
7396
6262
4212
1464
8888
1262
7939
2149
8570
7706
2482
1000
1743
1246
3742
196
1327
197
1167
3493
8321
9453
3271
145
6131
1792
3246
1008
9220
9510
1299
1551
4873
7119
1016
2376
5129
5533
438
7594
749
6221
1927
8906
7494
4445
6050
8685
5675
1134
879
6326
4328
6142
9563
1598
1909
724
4272
3313
4432
7034
8356
3004
4728
7539
5457
6693
17
7469
117
9699
2355
2267
2440
4362
6138
7986
995
9399
6513
9927
9320
7970
1818
8792
8081
8301
9265
9844
2232
4579
8975
4609
833
2943
2306
1263
4481
8862
156
2074
1402
2298
3706
5543
9302
6946
3611
4781
8250
1337
5800
8642
5590
1174
1039
4895
9807
5805
3204
5913
7421
5401
390
511
9172
5348
962
4651
4197
9079
9669
3334
8259
8149
3706
9830
2737
3066
2569
6684
115
4770
5217
7415
439
4449
2936
8054
9844
9808
5490
1763
3508
2931
3063
2206
3196
695
3374
946
4230
1137
6933
3493
4846
6792
305
7272
9228
1961
8756
535
8388
4576
9863
4950
1661
1443
3721
1928
8538
6967
6188
1837
9889
5544
2924
8049
8852
9164
2501
3977
9842
1261
7088
286
5060
7635
8277
9763
8421
5050
6299
8911
7409
2257
9906
7674
4516
5375
5520
3296
2246
886
6920
1373
1417
2027
1995
4200
1902
2109
1975
1286
9235
7634
61
3029
12
541
1155
1328
3916
5042
9733
4408
469
2311
3559
4407
1189
8632
9833
4258
8023
1387
7021
2713
2440
7238
7943
3925
4176
2721
8097
4389
2837
1445
8288
7751
8123
875
6443
3860
2530
3514
1329
4123
5074
7901
4322
7847
1109
759
456
6169
1918
2484
4072
8605
4074
1369
1384
6466
3493
117
9450
3906
9141
2950
5900
2688
6957
5255
7875
5281
3622
8625
5650
8731
7716
3234
7815
8397
5985
3543
6549
3700
4233
5741
394
2438
826
5985
9157
7031
5481
9961
9318
7170
4655
8065
1534
2851
68
7269
1633
1343
8464
9006
6593
8491
394
6404
6410
6761
2384
9870
4448
6131
6647
7725
7606
2336
9483
4880
5974
4372
2390
5893
7417
1297
8439
931
5111
4553
2394
4751
7007
1373
522
8906
6431
7544
1484
3401
7091
8439
8341
6483
7736
2572
9451
6724
6533
8855
5774
6002
541
5282
7558
5071
9265
4811
4191
5324
2305
2468
7662
7851
7610
7535
5498
293
3863
6339
5139
4141
5002
7022
954
4953
5103
4281
7455
2677
4943
1984
3777
9501
8698
5621
2487
3435
3432
6950
3329
5235
9788
7072
3059
7074
4506
9914
4859
5803
1281
9856
3202
9631
2884
2411
6537
4793
1330
7962
465
9272
5663
9829
6908
2267
426
6970
2715
5579
5285
9718
7100
8918
3334
1610
7109
9556
9973
2891
8672
3023
2596
1660
7712
2060
6163
5632
5727
7116
6161
7269
4503
5688
3133
347
9294
3747
2522
1956
7193
7801
3689
6120
2532
4634
5791
166
4838
6654
1144
7752
7001
2772
1810
5158
5286
412
9721
5397
1427
3089
7622
4111
6355
7788
7666
3509
2471
7342
3388
625
7418
7530
4405
9012
2010
1681
1993
4926
7684
5339
5737
7778
3713
