3
11
12
12
16
17
21
26
28
29
33
34
34
42
43
48
49
52
54
55
55
60
60
61
61
63
68
71
76
80
81
81
81
84
85
89
91
92
93
95
96
96
97
98
104
107
109
110
112
113
114
114
115
115
117
117
117
118
119
119
120
122
123
123
128
129
134
135
136
139
143
145
147
147
155
156
156
160
161
162
164
166
167
174
177
182
193
193
195
195
196
197
199
202
203
204
204
206
206
208
210
212
212
213
228
228
236
240
244
244
246
246
247
248
249
251
254
254
260
262
266
273
274
275
279
286
286
291
292
293
293
297
299
299
300
303
305
307
307
308
311
315
316
317
317
318
319
319
319
324
326
329
333
333
336
338
340
342
343
347
352
353
354
354
355
357
360
361
365
366
368
370
372
372
380
380
387
390
391
394
394
398
401
405
409
409
409
409
409
412
413
414
415
416
416
417
418
418
420
421
424
426
426
426
428
429
434
436
437
438
439
445
446
446
448
448
449
451
456
459
463
465
469
471
472
474
475
477
478
479
491
495
497
497
498
499
508
510
511
512
512
516
521
522
524
527
528
528
531
533
535
538
541
541
543
544
546
549
550
551
557
559
560
562
562
562
564
566
566
567
572
573
577
584
586
594
597
598
602
604
604
612
613
620
620
625
626
626
627
628
628
629
630
631
632
634
640
643
646
649
649
651
657
661
661
662
663
666
666
672
672
674
674
675
675
676
676
677
678
680
682
685
687
687
689
690
692
694
695
695
699
701
701
702
715
715
716
720
722
724
725
727
729
729
731
732
732
733
738
745
748
749
751
751
751
752
754
755
756
757
759
759
765
765
766
767
769
770
770
770
771
772
774
774
775
775
776
777
782
786
788
788
790
792
793
796
799
800
813
816
818
818
822
826
827
828
828
829
830
832
832
833
837
842
843
845
845
847
848
860
860
860
862
871
872
872
872
873
873
875
878
879
883
884
884
886
887
887
888
889
890
892
893
896
897
899
904
904
905
906
908
912
916
917
917
918
919
920
922
925
927
928
931
931
938
938
939
941
946
946
946
946
946
946
948
952
953
954
959
960
961
962
962
964
966
969
969
972
973
974
979
979
981
982
985
985
986
991
995
996
996
996
998
998
999
1000
1001
1003
1004
1005
1008
1009
1011
1013
1014
1016
1016
1024
1024
1024
1027
1029
1029
1035
1037
1038
1039
1042
1045
1046
1046
1049
1056
1056
1057
1058
1058
1059
1059
1060
1062
1063
1063
1063
1065
1067
1067
1072
1073
1074
1081
1081
1082
1083
1083
1085
1086
1090
1093
1094
1096
1103
1105
1105
1106
1109
1109
1109
1120
1122
1124
1126
1130
1131
1134
1135
1137
1137
1138
1141
1144
1145
1148
1150
1151
1155
1164
1165
1165
1165
1167
1167
1168
1168
1168
1169
1170
1174
1174
1175
1175
1176
1180
1181
1182
1187
1189
1191
1196
1196
1197
1198
1201
1203
1205
1212
1218
1219
1223
1225
1230
1231
1239
1240
1242
1243
1243
1245
1246
1246
1252
1253
1253
1256
1257
1258
1258
1259
1259
1260
1261
1261
1262
1262
1263
1263
1264
1265
1268
1269
1273
1276
1277
1281
1282
1282
1284
1286
1286
1291
1293
1294
1295
1295
1297
1297
1299
1299
1299
1306
1308
1309
1311
1311
1312
1314
1314
1319
1320
1322
1327
1327
1328
1329
1330
1335
1335
1335
1337
1343
1343
1348
1355
1356
1356
1357
1360
1361
1363
1363
1364
1366
1366
1367
1369
1369
1371
1373
1373
1375
1379
1381
1382
1384
1385
1387
1388
1395
1395
1398
1402
1403
1409
1411
1417
1417
1422
1422
1422
1423
1424
1426
1427
1428
1428
1430
1432
1433
1440
1443
1444
1445
1445
1448
1449
1449
1456
1462
1462
1463
1464
1464
1468
1470
1471
1473
1474
1475
1478
1479
1482
1482
1482
1484
1491
1492
1493
1494
1496
1498
1499
1499
1504
1504
1508
1508
1510
1511
1514
1514
1514
1516
1517
1519
1519
1524
1525
1526
1527
1527
1529
1532
1532
1533
1533
1534
1534
1534
1534
1536
1540
1542
1548
1550
1551
1551
1552
1556
1558
1561
1561
1567
1569
1569
1572
1574
1574
1575
1576
1577
1577
1578
1578
1579
1580
1580
1582
1583
1589
1593
1593
1598
1602
1602
1602
1605
1606
1610
1610
1610
1611
1611
1612
1614
1615
1615
1617
1618
1621
1623
1623
1627
1627
1627
1633
1633
1635
1639
1640
1640
1641
1644
1646
1648
1648
1649
1650
1651
1657
1660
1661
1666
1668
1670
1671
1674
1676
1678
1681
1683
1684
1685
1686
1688
1691
1691
1692
1694
1694
1698
1700
1701
1703
1704
1704
1705
1708
1713
1714
1717
1720
1725
1725
1728
1736
1737
1738
1739
1740
1740
1741
1743
1746
1748
1749
1749
1755
1759
1760
1760
1763
1763
1766
1771
1771
1773
1773
1776
1779
1780
1782
1785
1787
1788
1790
1792
1795
1801
1802
1805
1807
1807
1807
1810
1812
1814
1814
1818
1823
1824
1828
1835
1837
1839
1841
1844
1846
1852
1853
1854
1858
1858
1861
1863
1865
1867
1869
1876
1876
1878
1883
1884
1885
1885
1885
1894
1898
1898
1899
1899
1902
1902
1903
1903
1907
1908
1909
1909
1911
1915
1917
1918
1919
1920
1922
1922
1926
1926
1926
1927
1928
1933
1936
1939
1940
1950
1952
1953
1956
1956
1961
1961
1962
1967
1970
1972
1972
1973
1975
1977
1978
1978
1979
1980
1981
1984
1984
1984
1984
1986
1987
1988
1988
1993
1995
1996
1997
1997
2000
2001
2003
2005
2005
2006
2008
2010
2011
2011
2013
2017
2018
2020
2025
2026
2027
2030
2032
2032
2034
2035
2038
2038
2039
2040
2041
2051
2053
2053
2054
2056
2057
2060
2062
2063
2065
2067
2068
2072
2074
2077
2082
2088
2094
2094
2096
2101
2102
2102
2105
2107
2107
2108
2108
2109
2111
2112
2116
2116
2119
2123
2123
2124
2124
2127
2128
2128
2130
2132
2132
2135
2137
2137
2139
2140
2147
2149
2155
2155
2160
2163
2164
2166
2171
2178
2178
2180
2184
2187
2196
2197
2198
2199
2202
2205
2206
2208
2208
2211
2218
2221
2221
2222
2223
2224
2224
2226
2227
2229
2229
2231
2232
2238
2241
2242
2243
2244
2246
2246
2254
2255
2255
2256
2257
2260
2264
2267
2267
2268
2272
2274
2277
2278
2280
2282
2284
2285
2287
2289
2290
2294
2294
2298
2304
2305
2306
2306
2307
2308
2311
2311
2315
2317
2321
2324
2326
2330
2332
2333
2334
2336
2336
2336
2338
2341
2341
2342
2345
2349
2350
2355
2355
2356
2358
2360
2360
2361
2361
2363
2363
2364
2366
2368
2371
2371
2376
2376
2376
2382
2383
2384
2385
2388
2390
2394
2394
2396
2397
2399
2399
2402
2403
2405
2409
2409
2410
2411
2412
2412
2413
2413
2415
2415
2416
2420
2425
2429
2431
2438
2440
2440
2441
2443
2443
2445
2446
2447
2447
2448
2449
2450
2450
2451
2452
2452
2456
2458
2460
2466
2468
2469
2471
2473
2475
2476
2477
2477
2481
2481
2482
2484
2487
2488
2490
2491
2491
2496
2496
2497
2501
2502
2502
2508
2510
2511
2516
2517
2518
2522
2522
2522
2523
2523
2523
2524
2525
2529
2530
2531
2531
2532
2536
2541
2542
2546
2547
2547
2548
2559
2561
2561
2565
2569
2571
2572
2577
2579
2581
2582
2582
2583
2586
2587
2587
2588
2588
2593
2596
2597
2599
2603
2606
2607
2609
2612
2612
2616
2618
2623
2629
2630
2631
2632
2632
2634
2638
2639
2640
2641
2643
2643
2644
2647
2648
2648
2649
2651
2652
2653
2653
2654
2656
2657
2658
2660
2662
2664
2670
2671
2672
2677
2681
2681
2681
2681
2681
2682
2683
2686
2687
2688
2693
2697
2698
2699
2703
2703
2706
2707
2713
2715
2715
2715
2720
2721
2721
2722
2723
2724
2729
2731
2733
2735
2736
2737
2737
2738
2741
2742
2743
2745
2748
2748
2751
2755
2756
2756
2757
2758
2771
2772
2772
2773
2775
2775
2777
2780
2781
2784
2784
2786
2786
2792
2796
2796
2797
2802
2805
2807
2810
2819
2828
2828
2829
2830
2831
2832
2837
2841
2844
2846
2848
2849
2849
2851
2853
2859
2861
2867
2867
2869
2870
2871
2873
2876
2876
2879
2880
2884
2884
2886
2888
2891
2891
2892
2895
2896
2896
2900
2901
2904
2904
2905
2905
2913
2914
2920
2924
2925
2927
2931
2933
2936
2938
2938
2942
2942
2943
2950
2950
2953
2958
2963
2966
2969
2972
2973
2974
2974
2975
2976
2976
2978
2980
2982
2982
2983
2992
2997
3001
3003
3004
3006
3007
3007
3008
3013
3013
3016
3016
3022
3022
3023
3026
3027
3029
3029
3035
3036
3038
3039
3040
3041
3043
3044
3047
3050
3053
3056
3057
3058
3059
3063
3064
3066
3073
3074
3076
3077
3077
3079
3080
3082
3084
3086
3088
3089
3093
3093
3094
3096
3102
3103
3117
3117
3120
3122
3128
3130
3132
3133
3133
3133
3134
3135
3138
3142
3144
3147
3148
3153
3153
3155
3157
3157
3158
3159
3160
3160
3163
3167
3168
3168
3172
3177
3179
3179
3180
3182
3186
3187
3193
3196
3196
3202
3204
3205
3206
3206
3212
3212
3213
3222
3227
3227
3227
3230
3232
3233
3234
3237
3238
3246
3246
3247
3250
3256
3256
3258
3265
3266
3267
3267
3268
3269
3271
3271
3271
3273
3275
3282
3282
3283
3283
3285
3288
3290
3291
3292
3294
3295
3295
3296
3296
3298
3301
3304
3304
3312
3313
3317
3324
3325
3326
3327
3328
3328
3329
3333
3333
3334
3334
3335
3337
3339
3341
3349
3351
3352
3354
3359
3363
3364
3368
3370
3371
3373
3374
3377
3377
3378
3385
3388
3394
3394
3394
3396
3397
3398
3401
3402
3403
3404
3410
3411
3421
3422
3422
3423
3423
3424
3432
3432
3433
3433
3435
3435
3437
3441
3441
3444
3445
3447
3454
3457
3461
3463
3463
3467
3469
3469
3470
3470
3472
3476
3476
3476
3480
3481
3486
3493
3493
3493
3493
3495
3497
3499
3501
3502
3504
3505
3508
3508
3509
3509
3509
3511
3514
3515
3516
3516
3516
3518
3519
3520
3521
3527
3528
3529
3538
3540
3540
3542
3543
3543
3545
3549
3551
3555
3556
3557
3557
3559
3560
3563
3564
3566
3570
3571
3573
3574
3574
3576
3580
3580
3582
3591
3592
3593
3595
3603
3604
3605
3605
3606
3607
3608
3608
3611
3613
3613
3613
3614
3616
3622
3629
3629
3633
3637
3639
3639
3640
3643
3644
3646
3650
3652
3655
3656
3659
3660
3664
3664
3666
3669
3680
3682
3686
3686
3687
3688
3689
3694
3696
3700
3701
3703
3706
3706
3706
3706
3708
3709
3713
3721
3721
3723
3725
3725
3727
3730
3732
3735
3737
3740
3741
3742
3743
3744
3747
3747
3755
3757
3760
3763
3764
3771
3775
3776
3777
3777
3778
3786
3788
3792
3794
3802
3802
3805
3805
3806
3815
3815
3817
3818
3821
3821
3826
3827
3828
3829
3833
3836
3838
3839
3840
3841
3842
3846
3849
3851
3853
3854
3855
3858
3860
3863
3863
3864
3865
3866
3867
3868
3874
3875
3875
3877
3880
3880
3881
3886
3889
3893
3897
3898
3901
3905
3906
3907
3913
3916
3918
3920
3921
3925
3931
3932
3933
3934
3937
3939
3939
3939
3943
3947
3949
3951
3955
3956
3960
3960
3963
3963
3965
3965
3970
3972
3973
3976
3977
3980
3989
3990
3991
3994
3995
3996
4003
4003
4008
4010
4010
4011
4012
4012
4013
4019
4020
4020
4023
4027
4027
4028
4035
4035
4037
4038
4039
4039
4041
4042
4042
4045
4047
4049
4049
4051
4053
4055
4055
4059
4060
4062
4065
4065
4066
4068
4072
4072
4074
4075
4075
4076
4077
4084
4087
4087
4087
4097
4099
4107
4108
4111
4111
4114
4115
4116
4120
4122
4122
4122
4123
4124
4126
4131
4131
4132
4133
4134
4135
4137
4138
4138
4141
4141
4146
4151
4151
4154
4158
4158
4160
4162
4163
4165
4168
4168
4170
4176
4176
4178
4180
4180
4180
4181
4183
4185
4187
4191
4191
4192
4192
4192
4195
4197
4198
4198
4200
4202
4205
4205
4207
4210
4212
4214
4215
4217
4218
4222
4223
4224
4224
4225
4225
4226
4226
4227
4230
4230
4232
4233
4234
4235
4235
4236
4239
4240
4241
4246
4246
4248
4249
4254
4257
4258
4260
4266
4269
4272
4272
4272
4273
4274
4275
4279
4280
4280
4281
4281
4284
4286
4290
4290
4290
4294
4298
4299
4305
4306
4309
4315
4322
4322
4327
4328
4329
4330
4332
4334
4336
4338
4343
4343
4344
4348
4350
4352
4354
4359
4359
4361
4362
4366
4366
4368
4372
4374
4376
4377
4377
4378
4380
4381
4381
4381
4385
4388
4389
4390
4392
4392
4392
4392
4393
4402
4405
4405
4406
4407
4407
4408
4410
4417
4417
4420
4425
4425
4426
4427
4428
4429
4431
4431
4432
4434
4436
4438
4439
4442
4443
4444
4444
4445
4447
4448
4449
4449
4452
4452
4453
4456
4458
4458
4461
4465
4469
4469
4469
4469
4471
4474
4475
4475
4478
4479
4481
4481
4489
4491
4494
4495
4496
4497
4500
4501
4502
4503
4503
4504
4505
4506
4507
4509
4510
4515
4516
4516
4518
4523
4524
4526
4527
4531
4531
4533
4534
4538
4538
4539
4541
4542
4547
4547
4548
4551
4552
4553
4553
4555
4555
4556
4560
4563
4566
4568
4569
4569
4574
4576
4579
4579
4580
4584
4584
4585
4586
4586
4586
4591
4591
4596
4596
4597
4600
4600
4601
4604
4607
4608
4609
4614
4617
4621
4621
4622
4623
4624
4628
4631
4634
4634
4634
4637
4637
4641
4645
4648
4648
4651
4651
4653
4653
4655
4662
4662
4662
4663
4663
4664
4664
4665
4668
4669
4670
4676
4676
4679
4681
4682
4684
4686
4686
4689
4694
4694
4694
4696
4696
4696
4698
4698
4700
4703
4705
4705
4706
4707
4710
4710
4712
4713
4718
4719
4721
4723
4725
4726
4728
4729
4730
4732
4733
4733
4734
4734
4734
4738
4740
4740
4744
4745
4747
4749
4751
4752
4754
4755
4755
4757
4770
4772
4776
4778
4778
4780
4781
4781
4789
4791
4793
4793
4796
4801
4803
4806
4807
4808
4811
4815
4815
4817
4817
4821
4823
4827
4830
4831
4833
4834
4838
4838
4840
4840
4842
4843
4846
4851
4853
4854
4859
4859
4863
4869
4871
4873
4873
4877
4878
4880
4880
4880
4882
4884
4889
4890
4892
4892
4892
4893
4895
4898
4901
4901
4901
4902
4902
4905
4905
4906
4912
4912
4913
4913
4919
4920
4921
4923
4926
4927
4927
4931
4935
4937
4938
4938
4940
4941
4943
4943
4949
4950
4952
4952
4953
4955
4959
4963
4964
4970
4978
4983
4988
4993
4994
4996
5000
5001
5002
5002
5005
5013
5013
5017
5024
5026
5028
5029
5031
5033
5033
5039
5042
5045
5046
5046
5046
5050
5053
5060
5061
5067
5071
5074
5074
5075
5075
5079
5084
5090
5091
5093
5094
5096
5097
5097
5098
5101
5103
5105
5106
5111
5115
5116
5124
5125
5129
5135
5138
5139
5143
5144
5144
5146
5149
5158
5159
5165
5166
5167
5169
5173
5174
5176
5178
5178
5179
5183
5183
5184
5195
5197
5198
5198
5204
5209
5216
5216
5217
5219
5219
5219
5222
5224
5229
5230
5230
5235
5239
5239
5241
5245
5248
5249
5254
5254
5255
5256
5256
5262
5263
5264
5266
5268
5269
5272
5273
5278
5279
5281
5281
5282
5284
5285
5285
5286
5286
5290
5290
5290
5300
5301
5303
5305
5305
5306
5310
5310
5312
5312
5313
5314
5315
5316
5317
5320
5320
5323
5324
5328
5329
5330
5331
5331
5332
5332
5334
5339
5339
5342
5343
5344
5345
5345
5347
5348
5356
5356
5357
5360
5363
5367
5368
5368
5368
5369
5372
5375
5376
5380
5383
5388
5389
5389
5389
5393
5393
5394
5397
5399
5400
5400
5401
5402
5408
5409
5409
5412
5414
5414
5416
5418
5421
5422
5426
5427
5430
5434
5434
5434
5436
5441
5441
5443
5443
5445
5445
5445
5447
5449
5451
5451
5454
5457
5457
5459
5461
5462
5462
5463
5466
5467
5473
5474
5476
5476
5481
5482
5483
5486
5488
5489
5490
5492
5492
5494
5494
5498
5501
5506
5506
5507
5508
5512
5513
5514
5517
5520
5521
5521
5522
5528
5530
5532
5532
5533
5533
5534
5538
5540
5541
5543
5544
5544
5545
5545
5545
5545
5546
5549
5553
5557
5561
5563
5564
5565
5569
5569
5570
5570
5572
5575
5576
5579
5580
5582
5590
5592
5593
5596
5600
5600
5604
5604
5607
5609
5613
5614
5616
5617
5619
5621
5623
5630
5630
5631
5632
5636
5638
5639
5643
5643
5646
5646
5647
5650
5653
5655
5656
5659
5661
5663
5669
5675
5681
5684
5688
5690
5694
5698
5699
5701
5705
5710
5711
5711
5714
5714
5716
5718
5723
5727
5728
5732
5735
5736
5737
5737
5740
5741
5741
5749
5750
5755
5756
5757
5760
5766
5770
5770
5774
5775
5775
5776
5791
5793
5797
5797
5798
5798
5800
5801
5801
5802
5803
5805
5806
5809
5810
5811
5816
5822
5823
5824
5828
5836
5838
5840
5843
5845
5846
5847
5849
5855
5855
5858
5858
5861
5861
5862
5863
5864
5870
5872
5880
5881
5883
5888
5889
5892
5893
5894
5895
5898
5900
5902
5904
5906
5908
5908
5908
5910
5910
5912
5912
5913
5913
5924
5930
5938
5939
5942
5942
5945
5950
5951
5959
5960
5961
5968
5974
5985
5985
5991
5997
5999
6001
6002
6007
6008
6012
6014
6016
6017
6023
6024
6026
6027
6029
6033
6035
6040
6041
6041
6043
6047
6050
6050
6053
6056
6058
6058
6059
6059
6060
6064
6067
6068
6070
6073
6073
6074
6077
6081
6083
6084
6084
6093
6094
6098
6100
6104
6105
6107
6110
6112
6119
6119
6120
6120
6121
6123
6125
6127
6129
6131
6131
6133
6137
6137
6138
6140
6141
6142
6142
6143
6144
6144
6145
6146
6148
6153
6155
6161
6163
6166
6169
6170
6175
6179
6180
6188
6191
6194
6194
6195
6201
6202
6203
6208
6209
6209
6211
6212
6216
6217
6220
6221
6227
6227
6228
6229
6231
6232
6233
6234
6235
6245
6247
6247
6251
6251
6252
6260
6262
6266
6267
6280
6288
6289
6293
6296
6299
6299
6300
6302
6303
6304
6305
6306
6309
6311
6313
6314
6315
6318
6319
6320
6323
6326
6328
6328
6336
6336
6339
6340
6341
6341
6342
6343
6346
6348
6349
6352
6354
6355
6358
6359
6362
6364
6366
6369
6375
6378
6381
6381
6385
6386
6392
6393
6395
6396
6397
6402
6404
6405
6406
6406
6408
6410
6412
6414
6416
6419
6422
6428
6431
6436
6438
6439
6443
6444
6447
6457
6459
6465
6466
6466
6467
6473
6479
6480
6481
6483
6486
6487
6488
6490
6492
6493
6493
6495
6509
6509
6513
6515
6522
6523
6525
6526
6526
6528
6530
6532
6533
6537
6549
6552
6553
6555
6557
6560
6563
6565
6569
6573
6575
6577
6578
6579
6579
6581
6584
6589
6591
6593
6599
6606
6608
6616
6616
6619
6621
6622
6622
6623
6625
6627
6629
6639
6640
6642
6646
6647
6648
6652
6654
6655
6655
6660
6664
6671
6675
6675
6678
6678
6680
6683
6684
6685
6686
6687
6687
6687
6691
6691
6693
6698
6700
6701
6706
6712
6717
6719
6720
6722
6722
6723
6724
6724
6727
6727
6727
6729
6729
6730
6733
6738
6745
6745
6749
6750
6751
6751
6759
6761
6768
6768
6773
6775
6778
6780
6792
6796
6797
6800
6800
6801
6804
6806
6806
6808
6809
6814
6815
6819
6822
6825
6827
6828
6832
6833
6835
6836
6838
6839
6841
6841
6841
6846
6846
6846
6849
6852
6854
6856
6860
6860
6860
6863
6864
6864
6865
6865
6866
6867
6869
6872
6873
6874
6876
6877
6877
6878
6881
6882
6882
6884
6885
6886
6888
6888
6890
6891
6891
6891
6893
6897
6908
6909
6911
6914
6917
6920
6920
6923
6924
6925
6931
6933
6933
6938
6938
6943
6944
6946
6946
6950
6951
6954
6957
6960
6967
6969
6970
6970
6971
6973
6975
6981
6984
6984
6984
6988
6989
6990
6997
6997
7001
7001
7007
7008
7010
7014
7015
7017
7017
7019
7019
7020
7021
7022
7024
7028
7031
7033
7034
7035
7036
7044
7047
7059
7059
7060
7062
7062
7063
7065
7072
7072
7074
7076
7076
7079
7080
7084
7088
7088
7089
7091
7092
7093
7097
7098
7099
7100
7100
7102
7104
7107
7109
7111
7114
7115
7116
7116
7117
7119
7119
7119
7125
7125
7127
7130
7132
7140
7140
7141
7142
7144
7144
7151
7152
7157
7159
7160
7161
7163
7163
7164
7167
7169
7170
7170
7170
7171
7178
7179
7180
7181
7181
7184
7185
7187
7188
7192
7193
7196
7199
7201
7201
7201
7202
7210
7210
7213
7214
7217
7219
7221
7225
7225
7230
7231
7234
7234
7236
7236
7237
7238
7241
7242
7242
7242
7243
7244
7248
7248
7251
7253
7255
7255
7257
7259
7261
7262
7264
7266
7266
7269
7269
7269
7269
7270
7271
7271
7272
7274
7282
7282
7284
7290
7295
7296
7296
7297
7299
7300
7304
7307
7307
7309
7314
7315
7319
7319
7325
7326
7329
7329
7337
7337
7339
7342
7342
7342
7343
7344
7344
7347
7348
7348
7353
7355
7355
7359
7359
7364
7368
7371
7371
7373
7378
7379
7384
7386
7387
7387
7390
7394
7396
7399
7402
7405
7405
7408
7408
7409
7409
7409
7410
7411
7413
7414
7414
7415
7415
7416
7417
7417
7418
7419
7420
7421
7423
7424
7428
7430
7435
7439
7441
7442
7443
7444
7444
7445
7447
7447
7449
7450
7450
7454
7455
7456
7462
7463
7469
7469
7469
7471
7474
7475
7479
7479
7480
7480
7481
7481
7481
7487
7492
7492
7494
7494
7496
7497
7501
7506
7507
7508
7509
7510
7515
7516
7516
7519
7520
7528
7529
7530
7535
7537
7537
7539
7543
7544
7545
7549
7550
7551
7557
7558
7558
7561
7562
7563
7563
7564
7566
7572
7573
7590
7594
7594
7596
7598
7598
7599
7600
7606
7610
7610
7610
7616
7618
7619
7619
7620
7622
7623
7623
7625
7625
7626
7626
7631
7631
7632
7632
7634
7635
7637
7640
7643
7650
7650
7657
7659
7660
7662
7662
7666
7674
7674
7678
7678
7679
7684
7685
7685
7687
7688
7688
7690
7690
7694
7695
7698
7699
7701
7702
7702
7702
7706
7706
7706
7708
7711
7711
7712
7712
7713
7716
7718
7723
7725
7726
7727
7728
7730
7731
7735
7736
7738
7741
7744
7748
7749
7749
7751
7752
7753
7755
7757
7758
7761
7762
7762
7768
7770
7771
7772
7775
7776
7777
7778
7778
7785
7785
7788
7791
7797
7798
7798
7800
7801
7805
7809
7811
7813
7813
7813
7815
7816
7818
7819
7820
7821
7823
7825
7827
7828
7832
7840
7846
7847
7847
7847
7847
7849
7850
7851
7854
7855
7857
7860
7861
7862
7864
7864
7865
7865
7869
7875
7875
7876
7876
7878
7880
7883
7885
7889
7891
7893
7893
7894
7894
7896
7897
7901
7908
7910
7910
7912
7915
7916
7917
7925
7926
7926
7927
7929
7929
7931
7939
7939
7939
7940
7941
7942
7942
7943
7943
7944
7957
7958
7960
7960
7962
7963
7967
7967
7970
7970
7970
7972
7974
7974
7975
7976
7978
7978
7981
7986
7987
7988
7991
7994
7994
7999
8004
8009
8012
8013
8013
8015
8016
8017
8018
8018
8021
8023
8023
8025
8028
8028
8028
8029
8035
8036
8042
8045
8049
8052
8052
8053
8053
8053
8053
8054
8055
8056
8056
8062
8063
8065
8070
8071
8072
8074
8078
8081
8081
8082
8092
8092
8094
8094
8095
8097
8098
8098
8100
8105
8106
8106
8109
8112
8115
8115
8117
8119
8121
8123
8131
8133
8133
8133
8135
8141
8143
8143
8143
8144
8144
8146
8146
8146
8149
8151
8152
8154
8161
8162
8162
8162
8163
8163
8164
8166
8167
8168
8168
8174
8175
8175
8176
8177
8180
8185
8186
8187
8187
8188
8190
8195
8197
8198
8199
8199
8202
8205
8206
8207
8208
8209
8216
8224
8224
8225
8230
8232
8236
8242
8242
8247
8247
8249
8250
8250
8252
8252
8254
8259
8259
8262
8263
8263
8265
8266
8267
8268
8271
8271
8271
8272
8274
8274
8275
8275
8277
8285
8286
8288
8288
8291
8292
8292
8294
8298
8299
8300
8301
8301
8302
8305
8306
8306
8306
8307
8310
8311
8311
8312
8313
8314
8315
8319
8320
8321
8322
8322
8324
8329
8334
8334
8336
8336
8341
8343
8346
8350
8352
8352
8354
8354
8354
8356
8367
8368
8368
8369
8370
8371
8372
8376
8382
8384
8384
8388
8388
8389
8391
8396
8397
8399
8402
8406
8409
8418
8418
8420
8420
8421
8422
8427
8428
8432
8434
8439
8439
8439
8440
8442
8442
8445
8451
8459
8464
8465
8466
8469
8471
8472
8473
8475
8476
8476
8479
8480
8485
8489
8489
8491
8498
8498
8498
8498
8501
8502
8504
8504
8512
8517
8517
8517
8524
8525
8528
8529
8531
8533
8534
8534
8534
8536
8538
8546
8547
8552
8555
8556
8556
8557
8564
8567
8569
8570
8571
8573
8576
8579
8580
8581
8584
8584
8586
8587
8587
8590
8590
8592
8593
8596
8601
8601
8605
8613
8616
8618
8619
8621
8623
8624
8625
8625
8625
8627
8630
8630
8632
8634
8636
8639
8640
8640
8642
8646
8646
8647
8649
8650
8660
8661
8664
8664
8664
8666
8667
8668
8668
8671
8672
8672
8674
8675
8679
8679
8682
8683
8684
8685
8691
8693
8696
8696
8697
8698
8699
8699
8703
8704
8707
8707
8708
8712
8712
8714
8716
8717
8718
8718
8724
8731
8731
8736
8736
8736
8737
8737
8743
8743
8749
8750
8751
8752
8755
8755
8755
8756
8759
8761
8762
8763
8764
8767
8769
8772
8772
8774
8786
8786
8786
8790
8792
8792
8794
8795
8795
8796
8796
8798
8799
8801
8802
8803
8805
8806
8809
8810
8810
8811
8812
8814
8815
8817
8819
8819
8822
8826
8826
8829
8831
8833
8835
8838
8838
8841
8844
8847
8848
8850
8850
8851
8852
8852
8853
8855
8855
8856
8857
8858
8859
8862
8868
8870
8872
8874
8875
8876
8877
8878
8882
8884
8885
8888
8888
8889
8890
8891
8893
8897
8898
8900
8902
8903
8904
8906
8906
8906
8907
8909
8911
8911
8912
8916
8917
8918
8918
8918
8922
8923
8935
8936
8943
8943
8943
8949
8951
8952
8954
8957
8958
8959
8962
8963
8964
8966
8972
8972
8974
8975
8981
8982
8984
8985
8991
8995
8996
8997
9005
9006
9010
9012
9012
9013
9014
9016
9016
9023
9023
9028
9029
9032
9036
9037
9040
9040
9041
9041
9043
9043
9045
9049
9050
9055
9055
9058
9058
9059
9064
9065
9066
9070
9073
9073
9075
9079
9081
9084
9084
9086
9086
9087
9088
9090
9091
9092
9093
9096
9100
9100
9101
9106
9107
9109
9110
9110
9110
9111
9114
9114
9115
9115
9115
9117
9119
9119
9121
9122
9125
9126
9126
9129
9130
9130
9130
9131
9133
9135
9135
9135
9140
9141
9141
9142
9145
9146
9147
9151
9152
9155
9156
9157
9157
9157
9161
9163
9164
9165
9167
9168
9172
9172
9174
9175
9179
9179
9181
9182
9183
9183
9189
9190
9193
9193
9200
9202
9205
9206
9206
9209
9212
9212
9214
9216
9220
9220
9225
9227
9227
9228
9229
9230
9231
9234
9235
9236
9236
9236
9242
9244
9245
9246
9247
9247
9249
9250
9252
9254
9256
9258
9259
9265
9265
9266
9267
9268
9272
9272
9275
9275
9276
9276
9277
9278
9280
9281
9281
9281
9287
9288
9289
9292
9293
9293
9294
9296
9297
9302
9303
9305
9307
9308
9309
9310
9311
9311
9315
9318
9320
9320
9320
9321
9322
9324
9326
9327
9328
9329
9332
9338
9341
9342
9344
9347
9350
9352
9356
9362
9363
9364
9365
9366
9367
9368
9371
9371
9372
9374
9375
9376
9384
9386
9388
9391
9393
9394
9395
9397
9398
9399
9400
9403
9404
9405
9409
9413
9416
9418
9418
9422
9425
9426
9426
9428
9428
9436
9438
9438
9439
9443
9444
9446
9446
9449
9450
9451
9453
9456
9456
9458
9460
9460
9461
9462
9463
9465
9465
9467
9472
9478
9480
9483
9487
9487
9491
9491
9497
9498
9499
9501
9503
9505
9505
9506
9510
9513
9513
9513
9519
9522
9526
9526
9530
9532
9536
9538
9540
9540
9542
9543
9546
9547
9549
9551
9551
9552
9553
9553
9553
9555
9556
9556
9562
9563
9568
9571
9572
9575
9576
9577
9579
9583
9586
9587
9587
9590
9595
9601
9602
9604
9606
9610
9612
9613
9616
9617
9622
9626
9626
9627
9629
9631
9632
9643
9647
9648
9651
9652
9657
9658
9662
9662
9664
9668
9669
9669
9672
9672
9675
9677
9678
9680
9680
9686
9687
9692
9692
9693
9698
9699
9700
9702
9707
9707
9715
9716
9716
9716
9717
9718
9720
9721
9722
9724
9724
9728
9728
9730
9733
9734
9735
9737
9738
9738
9743
9747
9747
9749
9750
9754
9760
9761
9761
9762
9763
9763
9763
9767
9768
9770
9772
9779
9780
9783
9784
9788
9791
9791
9793
9796
9796
9796
9799
9799
9804
9807
9808
9812
9812
9817
9821
9821
9822
9829
9829
9830
9830
9831
9833
9834
9835
9836
9837
9837
9837
9837
9839
9841
9841
9842
9842
9844
9844
9845
9848
9851
9852
9853
9854
9856
9856
9859
9860
9862
9863
9870
9870
9873
9875
9876
9880
9885
9886
9889
9889
9889
9891
9893
9898
9900
9900
9902
9903
9903
9906
9907
9909
9909
9910
9910
9911
9913
9913
9914
9915
9916
9917
9917
9918
9918
9924
9925
9927
9936
9938
9940
9941
9946
9946
9947
9948
9953
9954
9955
9956
9956
9961
9962
9963
9964
9966
9968
9970
9972
9973
9974
9975
9975
9975
9976
9977
9978
9979
9979
9982
9987
9989
9992
9996
9997
