1
3
10
11
11
11
13
14
14
16
16
17
17
22
24
29
31
33
39
44
50
50
50
55
62
64
64
66
72
72
73
78
78
82
83
83
85
87
89
95
96
97
97
97
99
102
109
109
109
112
117
121
121
123
123
125
128
129
130
134
140
144
144
145
147
150
153
154
155
158
161
161
162
166
168
173
176
177
178
179
183
183
183
187
190
190
195
195
195
196
199
202
207
211
220
227
229
230
232
234
235
236
242
244
245
249
251
252
253
253
257
258
258
259
260
261
261
261
263
266
271
271
272
275
276
279
280
282
282
283
285
289
299
301
306
310
310
312
316
317
317
321
323
326
326
327
327
330
331
346
347
348
350
356
357
360
362
366
368
369
370
370
371
371
372
373
374
375
380
382
384
388
390
390
394
395
397
398
401
402
406
409
409
412
413
416
417
418
420
421
422
423
424
424
427
428
429
430
431
434
435
437
438
439
440
445
446
446
451
456
457
458
459
464
466
473
473
474
475
477
479
480
487
488
489
492
495
498
502
502
505
506
506
506
509
509
511
512
515
517
518
520
520
521
525
525
530
530
531
532
534
535
535
537
538
539
541
542
544
546
548
558
560
560
560
561
562
569
570
570
571
574
576
580
581
582
586
588
588
591
591
592
595
600
601
606
606
607
609
609
610
612
612
612
612
613
613
615
616
617
618
618
621
624
627
627
628
629
638
639
640
642
643
643
646
648
649
652
654
655
661
662
663
665
678
678
680
681
683
684
694
695
695
696
699
702
703
704
706
707
708
709
710
713
713
714
714
715
716
719
724
724
726
727
728
730
730
731
731
731
735
737
737
741
742
743
745
745
745
748
750
752
754
755
756
757
760
761
761
764
765
767
767
772
775
779
781
782
783
788
794
797
800
801
804
808
809
814
821
827
829
830
830
831
835
835
836
837
839
843
847
853
853
854
857
860
861
862
863
864
865
868
874
875
875
876
877
878
879
881
881
881
881
884
884
886
888
890
891
893
897
898
902
908
909
913
913
917
917
917
918
919
922
924
925
927
928
929
932
933
934
934
935
936
938
938
939
941
943
943
945
946
947
950
951
951
954
955
956
957
962
969
969
971
975
976
978
978
980
981
985
986
987
988
988
988
989
991
994
1000
