1000
994
991
989
988
988
988
987
986
985
981
980
978
978
976
975
971
969
969
962
957
956
955
954
951
951
950
947
946
945
943
943
941
939
938
938
936
935
934
934
933
932
929
928
927
925
924
922
919
918
917
917
917
913
913
909
908
902
898
897
893
891
890
888
886
884
884
881
881
881
881
879
878
877
876
875
875
874
868
865
864
863
862
861
860
857
854
853
853
847
843
839
837
836
835
835
831
830
830
829
827
821
814
809
808
804
801
800
797
794
788
783
782
781
779
775
772
767
767
765
764
761
761
760
757
756
755
754
752
750
748
745
745
745
743
742
741
737
737
735
731
731
731
730
730
728
727
726
724
724
719
716
715
714
714
713
713
710
709
708
707
706
704
703
702
699
696
695
695
694
684
683
681
680
678
678
665
663
662
661
655
654
652
649
648
646
643
643
642
640
639
638
629
628
627
627
624
621
618
618
617
616
615
613
613
612
612
612
612
610
609
609
607
606
606
601
600
595
592
591
591
588
588
586
582
581
580
576
574
571
570
570
569
562
561
560
560
560
558
548
546
544
542
541
539
538
537
535
535
534
532
531
530
530
525
525
521
520
520
518
517
515
512
511
509
509
506
506
506
505
502
502
498
495
492
489
488
487
480
479
477
475
474
473
473
466
464
459
458
457
456
451
446
446
445
440
439
438
437
435
434
431
430
429
428
427
424
424
423
422
421
420
418
417
416
413
412
409
409
406
402
401
398
397
395
394
390
390
388
384
382
380
375
374
373
372
371
371
370
370
369
368
366
362
360
357
356
350
348
347
346
331
330
327
327
326
326
323
321
317
317
316
312
310
310
306
301
299
289
285
283
282
282
280
279
276
275
272
271
271
266
263
261
261
261
260
259
258
258
257
253
253
252
251
249
245
244
242
236
235
234
232
230
229
227
220
211
207
202
199
196
195
195
195
190
190
187
183
183
183
179
178
177
176
173
168
166
162
161
161
158
155
154
153
150
147
145
144
144
140
134
130
129
128
125
123
123
121
121
117
112
109
109
109
102
99
97
97
97
96
95
89
87
85
83
83
82
78
78
73
72
72
66
64
64
62
55
50
50
50
44
39
33
31
29
24
22
17
17
16
16
14
14
13
11
11
11
10
3
1
