726
261
232
121
347
876
117
109
709
282
429
678
498
665
289
888
612
955
592
417
220
707
947
326
938
525
422
435
424
976
283
863
109
3
368
839
50
875
317
875
16
710
258
695
506
750
743
190
538
372
446
506
779
924
99
821
609
397
306
66
370
252
546
884
380
261
713
562
202
102
576
183
874
731
445
14
257
123
11
356
316
890
735
898
207
745
480
125
259
31
884
935
745
512
464
251
348
808
617
719
919
761
178
430
196
609
97
893
570
748
928
382
913
943
489
741
234
50
147
166
987
520
956
975
752
570
877
945
836
857
830
521
865
600
17
154
506
253
854
502
595
428
431
560
781
938
162
144
458
648
663
988
505
694
370
713
438
969
235
183
728
457
78
190
477
537
134
72
473
678
943
772
412
96
362
179
530
581
601
742
797
703
437
724
390
862
515
612
211
87
571
456
366
684
886
11
258
714
801
150
371
11
62
640
588
495
145
144
199
168
64
629
934
427
881
861
266
756
988
530
606
731
831
275
864
730
627
1000
714
582
406
195
229
323
925
760
535
932
951
44
535
509
627
913
85
782
868
971
82
991
173
934
434
879
253
272
459
737
788
33
50
446
649
276
492
642
561
628
775
487
357
509
950
569
409
249
330
835
388
394
488
696
511
413
927
285
607
13
350
375
652
423
128
814
282
917
374
539
574
260
195
177
532
245
881
767
158
310
767
183
661
176
809
708
129
985
153
195
95
800
227
765
466
230
638
109
878
606
520
236
929
560
301
613
586
978
89
994
745
112
654
123
271
980
97
639
502
64
683
517
473
155
616
321
312
534
613
78
957
902
242
829
624
360
754
755
612
588
83
14
531
418
827
706
421
299
346
860
989
646
835
946
542
837
922
681
401
424
909
881
39
908
261
783
17
853
830
395
390
439
917
398
643
954
280
22
737
73
621
730
130
699
618
371
327
1
981
187
939
244
591
969
731
655
121
16
161
917
727
962
610
83
560
764
891
724
847
271
402
988
416
55
327
72
702
97
591
317
704
29
643
369
263
843
384
440
695
409
612
10
615
936
804
558
161
951
680
140
761
420
881
716
479
373
451
24
326
918
331
715
525
853
475
897
662
518
933
580
986
941
978
541
544
310
279
474
548
618
757
794
